solid MIKE666
facet normal 5.536246e-17 5.220944e-01 8.528877e-01
	outer loop
		vertex 7.471569e-02 -1.590019e-01 -1.067710e-01
		vertex 6.242759e-02 -1.665963e-01 -1.021221e-01
		vertex 1.478116e-01 -1.817890e-01 -9.282188e-02
	endloop
endfacet
facet normal 1.641529e-16 5.220944e-01 8.528877e-01
	outer loop
		vertex 7.471569e-02 -1.590019e-01 -1.067710e-01
		vertex 1.478116e-01 -1.817890e-01 -9.282188e-02
		vertex 1.428534e-01 -1.686835e-01 -1.008444e-01
	endloop
endfacet
facet normal 1.622318e-16 5.220944e-01 8.528877e-01
	outer loop
		vertex 1.428534e-01 -1.686835e-01 -1.008444e-01
		vertex 8.434517e-02 -1.530505e-01 -1.104141e-01
		vertex 7.471569e-02 -1.590019e-01 -1.067710e-01
	endloop
endfacet
facet normal 3.084949e-15 5.220944e-01 8.528877e-01
	outer loop
		vertex 8.560212e-02 -1.522737e-01 -1.108897e-01
		vertex 8.434517e-02 -1.530505e-01 -1.104141e-01
		vertex 1.428534e-01 -1.686835e-01 -1.008444e-01
	endloop
endfacet
facet normal 2.778098e-16 5.220944e-01 8.528877e-01
	outer loop
		vertex 8.560212e-02 -1.522737e-01 -1.108897e-01
		vertex 1.428534e-01 -1.686835e-01 -1.008444e-01
		vertex 1.299011e-01 -1.344479e-01 -1.218017e-01
	endloop
endfacet
facet normal 4.247119e-16 5.220944e-01 8.528877e-01
	outer loop
		vertex 1.299011e-01 -1.344479e-01 -1.218017e-01
		vertex 1.176540e-01 -1.324646e-01 -1.230158e-01
		vertex 8.560212e-02 -1.522737e-01 -1.108897e-01
	endloop
endfacet
facet normal 2.390424e-15 -5.220944e-01 -8.528877e-01
	outer loop
		vertex 1.176540e-01 -1.324646e-01 -1.230158e-01
		vertex 1.184805e-01 -1.319537e-01 -1.233285e-01
		vertex 1.299011e-01 -1.344479e-01 -1.218017e-01
	endloop
endfacet
facet normal 1.756162e-14 -5.220944e-01 -8.528877e-01
	outer loop
		vertex 1.204868e-01 -1.307137e-01 -1.240876e-01
		vertex 1.206518e-01 -1.306118e-01 -1.241500e-01
		vertex 1.291953e-01 -1.325822e-01 -1.229438e-01
	endloop
endfacet
facet normal -1.432153e-15 5.220944e-01 8.528877e-01
	outer loop
		vertex 1.184805e-01 -1.319537e-01 -1.233285e-01
		vertex 1.299011e-01 -1.344479e-01 -1.218017e-01
		vertex 1.291953e-01 -1.325822e-01 -1.229438e-01
	endloop
endfacet
facet normal -1.484590e-15 5.220944e-01 8.528877e-01
	outer loop
		vertex 1.291953e-01 -1.325822e-01 -1.229438e-01
		vertex 1.204519e-01 -1.307353e-01 -1.240744e-01
		vertex 1.184805e-01 -1.319537e-01 -1.233285e-01
	endloop
endfacet
facet normal 2.086990e-15 5.220944e-01 8.528877e-01
	outer loop
		vertex 1.204868e-01 -1.307137e-01 -1.240876e-01
		vertex 1.204519e-01 -1.307353e-01 -1.240744e-01
		vertex 1.291953e-01 -1.325822e-01 -1.229438e-01
	endloop
endfacet
facet normal 0.000000e+00 5.220944e-01 8.528877e-01
	outer loop
		vertex 1.206518e-01 -1.306118e-01 -1.241500e-01
		vertex 1.206518e-01 -1.306118e-01 -1.241500e-01
		vertex 1.291953e-01 -1.325822e-01 -1.229438e-01
	endloop
endfacet
facet normal 0.000000e+00 -5.299989e-01 -8.479983e-01
	outer loop
		vertex 1.206518e-01 -1.306118e-01 -1.241500e-01
		vertex 1.291953e-01 -1.325822e-01 -1.229438e-01
		vertex 1.291953e-01 -1.325822e-01 -1.229438e-01
	endloop
endfacet
facet normal 0.000000e+00 -5.299989e-01 -8.479983e-01
	outer loop
		vertex 1.291953e-01 -1.325822e-01 -1.229438e-01
		vertex 1.206518e-01 -1.306118e-01 -1.241500e-01
		vertex 1.206518e-01 -1.306118e-01 -1.241500e-01
	endloop
endfacet
facet normal 0.000000e+00 -5.299989e-01 -8.479983e-01
	outer loop
		vertex 1.206518e-01 -1.306118e-01 -1.241500e-01
		vertex 1.291953e-01 -1.325822e-01 -1.229438e-01
		vertex 1.291953e-01 -1.325822e-01 -1.229438e-01
	endloop
endfacet
facet normal 0.000000e+00 -5.299989e-01 -8.479983e-01
	outer loop
		vertex 1.291953e-01 -1.325822e-01 -1.229438e-01
		vertex 1.206518e-01 -1.306118e-01 -1.241500e-01
		vertex 1.206518e-01 -1.306118e-01 -1.241500e-01
	endloop
endfacet
facet normal 0.000000e+00 0.000000e+00 0.000000e+00
	outer loop
		vertex 1.206518e-01 -1.306118e-01 -1.241500e-01
		vertex 1.206518e-01 -1.306118e-01 -1.241500e-01
		vertex 1.291953e-01 -1.325822e-01 -1.229438e-01
	endloop
endfacet
facet normal 0.000000e+00 -5.299989e-01 -8.479983e-01
	outer loop
		vertex 1.206518e-01 -1.306118e-01 -1.241500e-01
		vertex 1.291953e-01 -1.325822e-01 -1.229438e-01
		vertex 1.291953e-01 -1.325822e-01 -1.229438e-01
	endloop
endfacet
facet normal 0.000000e+00 -5.299989e-01 -8.479983e-01
	outer loop
		vertex 1.291953e-01 -1.325822e-01 -1.229438e-01
		vertex 1.206518e-01 -1.306118e-01 -1.241500e-01
		vertex 1.206518e-01 -1.306118e-01 -1.241500e-01
	endloop
endfacet
facet normal 0.000000e+00 -5.299989e-01 -8.479983e-01
	outer loop
		vertex 1.206518e-01 -1.306118e-01 -1.241500e-01
		vertex 1.291953e-01 -1.325822e-01 -1.229438e-01
		vertex 1.291953e-01 -1.325822e-01 -1.229438e-01
	endloop
endfacet
facet normal 0.000000e+00 -5.299989e-01 -8.479983e-01
	outer loop
		vertex 1.291953e-01 -1.325822e-01 -1.229438e-01
		vertex 1.206518e-01 -1.306118e-01 -1.241500e-01
		vertex 1.206518e-01 -1.306118e-01 -1.241500e-01
	endloop
endfacet
facet normal 0.000000e+00 0.000000e+00 0.000000e+00
	outer loop
		vertex 1.206518e-01 -1.306118e-01 -1.241500e-01
		vertex 1.206518e-01 -1.306118e-01 -1.241500e-01
		vertex 1.291953e-01 -1.325822e-01 -1.229438e-01
	endloop
endfacet
facet normal 0.000000e+00 5.220944e-01 8.528877e-01
	outer loop
		vertex 1.206518e-01 -1.306118e-01 -1.241500e-01
		vertex 1.206518e-01 -1.306118e-01 -1.241500e-01
		vertex 1.291953e-01 -1.325822e-01 -1.229438e-01
	endloop
endfacet
facet normal 0.000000e+00 -5.299989e-01 -8.479983e-01
	outer loop
		vertex 1.206518e-01 -1.306118e-01 -1.241500e-01
		vertex 1.291953e-01 -1.325822e-01 -1.229438e-01
		vertex 1.291953e-01 -1.325822e-01 -1.229438e-01
	endloop
endfacet
facet normal 0.000000e+00 -5.299989e-01 -8.479983e-01
	outer loop
		vertex 1.291953e-01 -1.325822e-01 -1.229438e-01
		vertex 1.206518e-01 -1.306118e-01 -1.241500e-01
		vertex 1.206518e-01 -1.306118e-01 -1.241500e-01
	endloop
endfacet
facet normal 0.000000e+00 -5.299989e-01 -8.479983e-01
	outer loop
		vertex 1.206518e-01 -1.306118e-01 -1.241500e-01
		vertex 1.291953e-01 -1.325822e-01 -1.229438e-01
		vertex 1.291953e-01 -1.325822e-01 -1.229438e-01
	endloop
endfacet
facet normal 0.000000e+00 -5.299989e-01 -8.479983e-01
	outer loop
		vertex 1.291953e-01 -1.325822e-01 -1.229438e-01
		vertex 1.206518e-01 -1.306118e-01 -1.241500e-01
		vertex 1.206518e-01 -1.306118e-01 -1.241500e-01
	endloop
endfacet
facet normal 0.000000e+00 0.000000e+00 0.000000e+00
	outer loop
		vertex 1.206518e-01 -1.306118e-01 -1.241500e-01
		vertex 1.206518e-01 -1.306118e-01 -1.241500e-01
		vertex 1.291953e-01 -1.325822e-01 -1.229438e-01
	endloop
endfacet
facet normal 0.000000e+00 -5.299989e-01 -8.479983e-01
	outer loop
		vertex 1.206518e-01 -1.306118e-01 -1.241500e-01
		vertex 1.291953e-01 -1.325822e-01 -1.229438e-01
		vertex 1.291953e-01 -1.325822e-01 -1.229438e-01
	endloop
endfacet
facet normal 0.000000e+00 -5.299989e-01 -8.479983e-01
	outer loop
		vertex 1.291953e-01 -1.325822e-01 -1.229438e-01
		vertex 1.206518e-01 -1.306118e-01 -1.241500e-01
		vertex 1.206518e-01 -1.306118e-01 -1.241500e-01
	endloop
endfacet
facet normal 0.000000e+00 -5.299989e-01 -8.479983e-01
	outer loop
		vertex 1.206518e-01 -1.306118e-01 -1.241500e-01
		vertex 1.291953e-01 -1.325822e-01 -1.229438e-01
		vertex 1.291953e-01 -1.325822e-01 -1.229438e-01
	endloop
endfacet
facet normal 0.000000e+00 -5.299989e-01 -8.479983e-01
	outer loop
		vertex 1.291953e-01 -1.325822e-01 -1.229438e-01
		vertex 1.206518e-01 -1.306118e-01 -1.241500e-01
		vertex 1.206518e-01 -1.306118e-01 -1.241500e-01
	endloop
endfacet
facet normal 0.000000e+00 0.000000e+00 0.000000e+00
	outer loop
		vertex 1.206518e-01 -1.306118e-01 -1.241500e-01
		vertex 1.206518e-01 -1.306118e-01 -1.241500e-01
		vertex 1.291953e-01 -1.325822e-01 -1.229438e-01
	endloop
endfacet
facet normal -2.261297e-01 -9.740972e-01 0.000000e+00
	outer loop
		vertex 1.206518e-01 -1.306118e-01 -1.241500e-01
		vertex 1.291953e-01 -1.325822e-01 -1.229438e-01
		vertex 1.291953e-01 -1.325822e-01 -1.229438e-01
	endloop
endfacet
facet normal -2.261297e-01 -9.740972e-01 0.000000e+00
	outer loop
		vertex 1.291953e-01 -1.325822e-01 -1.229438e-01
		vertex 1.206518e-01 -1.306118e-01 -1.241500e-01
		vertex 1.206518e-01 -1.306118e-01 -1.241500e-01
	endloop
endfacet
facet normal -2.228248e-01 -9.748585e-01 0.000000e+00
	outer loop
		vertex 1.206518e-01 -1.306118e-01 -1.241500e-01
		vertex 1.291953e-01 -1.325822e-01 -1.229438e-01
		vertex 1.291953e-01 -1.325822e-01 -1.229438e-01
	endloop
endfacet
facet normal -2.261297e-01 -9.740972e-01 0.000000e+00
	outer loop
		vertex 1.291953e-01 -1.325822e-01 -1.229438e-01
		vertex 1.206518e-01 -1.306118e-01 -1.241500e-01
		vertex 1.206518e-01 -1.306118e-01 -1.241500e-01
	endloop
endfacet
facet normal 0.000000e+00 0.000000e+00 0.000000e+00
	outer loop
		vertex 1.206518e-01 -1.306118e-01 -1.241500e-01
		vertex 1.206518e-01 -1.306118e-01 -1.241500e-01
		vertex 1.291953e-01 -1.325822e-01 -1.229438e-01
	endloop
endfacet
facet normal -2.261297e-01 -9.740972e-01 0.000000e+00
	outer loop
		vertex 1.206518e-01 -1.306118e-01 -1.241500e-01
		vertex 1.291953e-01 -1.325822e-01 -1.229438e-01
		vertex 1.291953e-01 -1.325822e-01 -1.229438e-01
	endloop
endfacet
facet normal -2.261297e-01 -9.740972e-01 0.000000e+00
	outer loop
		vertex 1.291953e-01 -1.325822e-01 -1.229438e-01
		vertex 1.206518e-01 -1.306118e-01 -1.241500e-01
		vertex 1.206518e-01 -1.306118e-01 -1.241500e-01
	endloop
endfacet
facet normal -2.228248e-01 -9.748585e-01 0.000000e+00
	outer loop
		vertex 1.206518e-01 -1.306118e-01 -1.241500e-01
		vertex 1.291953e-01 -1.325822e-01 -1.229438e-01
		vertex 1.291953e-01 -1.325822e-01 -1.229438e-01
	endloop
endfacet
facet normal -2.261297e-01 -9.740972e-01 0.000000e+00
	outer loop
		vertex 1.291953e-01 -1.325822e-01 -1.229438e-01
		vertex 1.206518e-01 -1.306118e-01 -1.241500e-01
		vertex 1.206518e-01 -1.306118e-01 -1.241500e-01
	endloop
endfacet
facet normal 0.000000e+00 0.000000e+00 0.000000e+00
	outer loop
		vertex 1.206518e-01 -1.306118e-01 -1.241500e-01
		vertex 1.206518e-01 -1.306118e-01 -1.241500e-01
		vertex 1.291953e-01 -1.325822e-01 -1.229438e-01
	endloop
endfacet
facet normal 1.943216e-01 9.614979e-01 1.943216e-01
	outer loop
		vertex 1.206518e-01 -1.306118e-01 -1.241500e-01
		vertex 1.206518e-01 -1.306118e-01 -1.241500e-01
		vertex 1.291953e-01 -1.325822e-01 -1.229438e-01
	endloop
endfacet
facet normal 0.000000e+00 0.000000e+00 0.000000e+00
	outer loop
		vertex 1.206518e-01 -1.306118e-01 -1.241500e-01
		vertex 1.291953e-01 -1.325822e-01 -1.229438e-01
		vertex 1.291953e-01 -1.325822e-01 -1.229438e-01
	endloop
endfacet
facet normal 0.000000e+00 0.000000e+00 0.000000e+00
	outer loop
		vertex 1.291953e-01 -1.325822e-01 -1.229438e-01
		vertex 1.206518e-01 -1.306118e-01 -1.241500e-01
		vertex 1.206518e-01 -1.306118e-01 -1.241500e-01
	endloop
endfacet
facet normal 0.000000e+00 0.000000e+00 0.000000e+00
	outer loop
		vertex 1.206518e-01 -1.306118e-01 -1.241500e-01
		vertex 1.291953e-01 -1.325822e-01 -1.229438e-01
		vertex 1.291953e-01 -1.325822e-01 -1.229438e-01
	endloop
endfacet
facet normal 0.000000e+00 0.000000e+00 0.000000e+00
	outer loop
		vertex 1.291953e-01 -1.325822e-01 -1.229438e-01
		vertex 1.206518e-01 -1.306118e-01 -1.241500e-01
		vertex 1.206518e-01 -1.306118e-01 -1.241500e-01
	endloop
endfacet
facet normal 0.000000e+00 0.000000e+00 0.000000e+00
	outer loop
		vertex 1.206518e-01 -1.306118e-01 -1.241500e-01
		vertex 1.206518e-01 -1.306118e-01 -1.241500e-01
		vertex 1.291953e-01 -1.325822e-01 -1.229438e-01
	endloop
endfacet
facet normal 0.000000e+00 0.000000e+00 0.000000e+00
	outer loop
		vertex 1.206518e-01 -1.306118e-01 -1.241500e-01
		vertex 1.291953e-01 -1.325822e-01 -1.229438e-01
		vertex 1.291953e-01 -1.325822e-01 -1.229438e-01
	endloop
endfacet
facet normal 0.000000e+00 0.000000e+00 0.000000e+00
	outer loop
		vertex 1.291953e-01 -1.325822e-01 -1.229438e-01
		vertex 1.206518e-01 -1.306118e-01 -1.241500e-01
		vertex 1.206518e-01 -1.306118e-01 -1.241500e-01
	endloop
endfacet
facet normal 0.000000e+00 0.000000e+00 0.000000e+00
	outer loop
		vertex 1.206518e-01 -1.306118e-01 -1.241500e-01
		vertex 1.291953e-01 -1.325822e-01 -1.229438e-01
		vertex 1.291953e-01 -1.325822e-01 -1.229438e-01
	endloop
endfacet
facet normal 0.000000e+00 0.000000e+00 0.000000e+00
	outer loop
		vertex 1.291953e-01 -1.325822e-01 -1.229438e-01
		vertex 1.206518e-01 -1.306118e-01 -1.241500e-01
		vertex 1.206518e-01 -1.306118e-01 -1.241500e-01
	endloop
endfacet
facet normal 0.000000e+00 0.000000e+00 0.000000e+00
	outer loop
		vertex 1.206518e-01 -1.306118e-01 -1.241500e-01
		vertex 1.206518e-01 -1.306118e-01 -1.241500e-01
		vertex 1.291953e-01 -1.325822e-01 -1.229438e-01
	endloop
endfacet
facet normal 1.943216e-01 9.614979e-01 1.943216e-01
	outer loop
		vertex 1.206518e-01 -1.306118e-01 -1.241500e-01
		vertex 1.206518e-01 -1.306118e-01 -1.241500e-01
		vertex 1.291953e-01 -1.325822e-01 -1.229438e-01
	endloop
endfacet
facet normal 0.000000e+00 0.000000e+00 0.000000e+00
	outer loop
		vertex 1.206518e-01 -1.306118e-01 -1.241500e-01
		vertex 1.291953e-01 -1.325822e-01 -1.229438e-01
		vertex 1.291953e-01 -1.325822e-01 -1.229438e-01
	endloop
endfacet
facet normal 0.000000e+00 0.000000e+00 0.000000e+00
	outer loop
		vertex 1.291953e-01 -1.325822e-01 -1.229438e-01
		vertex 1.206518e-01 -1.306118e-01 -1.241500e-01
		vertex 1.206518e-01 -1.306118e-01 -1.241500e-01
	endloop
endfacet
facet normal 0.000000e+00 0.000000e+00 0.000000e+00
	outer loop
		vertex 1.206518e-01 -1.306118e-01 -1.241500e-01
		vertex 1.291953e-01 -1.325822e-01 -1.229438e-01
		vertex 1.291953e-01 -1.325822e-01 -1.229438e-01
	endloop
endfacet
facet normal 0.000000e+00 0.000000e+00 0.000000e+00
	outer loop
		vertex 1.291953e-01 -1.325822e-01 -1.229438e-01
		vertex 1.206518e-01 -1.306118e-01 -1.241500e-01
		vertex 1.206518e-01 -1.306118e-01 -1.241500e-01
	endloop
endfacet
facet normal 0.000000e+00 0.000000e+00 0.000000e+00
	outer loop
		vertex 1.206518e-01 -1.306118e-01 -1.241500e-01
		vertex 1.206518e-01 -1.306118e-01 -1.241500e-01
		vertex 1.291953e-01 -1.325822e-01 -1.229438e-01
	endloop
endfacet
facet normal 0.000000e+00 0.000000e+00 0.000000e+00
	outer loop
		vertex 1.206518e-01 -1.306118e-01 -1.241500e-01
		vertex 1.291953e-01 -1.325822e-01 -1.229438e-01
		vertex 1.291953e-01 -1.325822e-01 -1.229438e-01
	endloop
endfacet
facet normal 0.000000e+00 0.000000e+00 0.000000e+00
	outer loop
		vertex 1.291953e-01 -1.325822e-01 -1.229438e-01
		vertex 1.206518e-01 -1.306118e-01 -1.241500e-01
		vertex 1.206518e-01 -1.306118e-01 -1.241500e-01
	endloop
endfacet
facet normal 0.000000e+00 0.000000e+00 0.000000e+00
	outer loop
		vertex 1.206518e-01 -1.306118e-01 -1.241500e-01
		vertex 1.291953e-01 -1.325822e-01 -1.229438e-01
		vertex 1.291953e-01 -1.325822e-01 -1.229438e-01
	endloop
endfacet
facet normal 0.000000e+00 0.000000e+00 0.000000e+00
	outer loop
		vertex 1.291953e-01 -1.325822e-01 -1.229438e-01
		vertex 1.206518e-01 -1.306118e-01 -1.241500e-01
		vertex 1.206518e-01 -1.306118e-01 -1.241500e-01
	endloop
endfacet
facet normal 0.000000e+00 0.000000e+00 0.000000e+00
	outer loop
		vertex 1.206518e-01 -1.306118e-01 -1.241500e-01
		vertex 1.206518e-01 -1.306118e-01 -1.241500e-01
		vertex 1.291953e-01 -1.325822e-01 -1.229438e-01
	endloop
endfacet
facet normal -2.261297e-01 -9.740972e-01 0.000000e+00
	outer loop
		vertex 1.206518e-01 -1.306118e-01 -1.241500e-01
		vertex 1.291953e-01 -1.325822e-01 -1.229438e-01
		vertex 1.291953e-01 -1.325822e-01 -1.229438e-01
	endloop
endfacet
facet normal -2.261297e-01 -9.740972e-01 0.000000e+00
	outer loop
		vertex 1.291953e-01 -1.325822e-01 -1.229438e-01
		vertex 1.206518e-01 -1.306118e-01 -1.241500e-01
		vertex 1.206518e-01 -1.306118e-01 -1.241500e-01
	endloop
endfacet
facet normal -2.228248e-01 -9.748585e-01 0.000000e+00
	outer loop
		vertex 1.206518e-01 -1.306118e-01 -1.241500e-01
		vertex 1.291953e-01 -1.325822e-01 -1.229438e-01
		vertex 1.291953e-01 -1.325822e-01 -1.229438e-01
	endloop
endfacet
facet normal -2.261297e-01 -9.740972e-01 0.000000e+00
	outer loop
		vertex 1.291953e-01 -1.325822e-01 -1.229438e-01
		vertex 1.206518e-01 -1.306118e-01 -1.241500e-01
		vertex 1.206518e-01 -1.306118e-01 -1.241500e-01
	endloop
endfacet
facet normal 0.000000e+00 0.000000e+00 0.000000e+00
	outer loop
		vertex 1.206518e-01 -1.306118e-01 -1.241500e-01
		vertex 1.206518e-01 -1.306118e-01 -1.241500e-01
		vertex 1.291953e-01 -1.325822e-01 -1.229438e-01
	endloop
endfacet
facet normal -2.261297e-01 -9.740972e-01 0.000000e+00
	outer loop
		vertex 1.206518e-01 -1.306118e-01 -1.241500e-01
		vertex 1.291953e-01 -1.325822e-01 -1.229438e-01
		vertex 1.291953e-01 -1.325822e-01 -1.229438e-01
	endloop
endfacet
facet normal -2.261297e-01 -9.740972e-01 0.000000e+00
	outer loop
		vertex 1.291953e-01 -1.325822e-01 -1.229438e-01
		vertex 1.206518e-01 -1.306118e-01 -1.241500e-01
		vertex 1.206518e-01 -1.306118e-01 -1.241500e-01
	endloop
endfacet
facet normal -2.228248e-01 -9.748585e-01 0.000000e+00
	outer loop
		vertex 1.206518e-01 -1.306118e-01 -1.241500e-01
		vertex 1.291953e-01 -1.325822e-01 -1.229438e-01
		vertex 1.291953e-01 -1.325822e-01 -1.229438e-01
	endloop
endfacet
facet normal -2.261297e-01 -9.740972e-01 0.000000e+00
	outer loop
		vertex 1.291953e-01 -1.325822e-01 -1.229438e-01
		vertex 1.206518e-01 -1.306118e-01 -1.241500e-01
		vertex 1.206518e-01 -1.306118e-01 -1.241500e-01
	endloop
endfacet
facet normal 0.000000e+00 0.000000e+00 0.000000e+00
	outer loop
		vertex 1.206518e-01 -1.306118e-01 -1.241500e-01
		vertex 1.206518e-01 -1.306118e-01 -1.241500e-01
		vertex 1.291953e-01 -1.325822e-01 -1.229438e-01
	endloop
endfacet
facet normal 1.943216e-01 9.614979e-01 1.943216e-01
	outer loop
		vertex 1.206518e-01 -1.306118e-01 -1.241500e-01
		vertex 1.206518e-01 -1.306118e-01 -1.241500e-01
		vertex 1.291953e-01 -1.325822e-01 -1.229438e-01
	endloop
endfacet
facet normal 0.000000e+00 0.000000e+00 0.000000e+00
	outer loop
		vertex 1.206518e-01 -1.306118e-01 -1.241500e-01
		vertex 1.291953e-01 -1.325822e-01 -1.229438e-01
		vertex 1.291953e-01 -1.325822e-01 -1.229438e-01
	endloop
endfacet
facet normal 0.000000e+00 0.000000e+00 0.000000e+00
	outer loop
		vertex 1.291953e-01 -1.325822e-01 -1.229438e-01
		vertex 1.206518e-01 -1.306118e-01 -1.241500e-01
		vertex 1.206518e-01 -1.306118e-01 -1.241500e-01
	endloop
endfacet
facet normal 0.000000e+00 0.000000e+00 0.000000e+00
	outer loop
		vertex 1.206518e-01 -1.306118e-01 -1.241500e-01
		vertex 1.291953e-01 -1.325822e-01 -1.229438e-01
		vertex 1.291953e-01 -1.325822e-01 -1.229438e-01
	endloop
endfacet
facet normal 0.000000e+00 0.000000e+00 0.000000e+00
	outer loop
		vertex 1.291953e-01 -1.325822e-01 -1.229438e-01
		vertex 1.206518e-01 -1.306118e-01 -1.241500e-01
		vertex 1.206518e-01 -1.306118e-01 -1.241500e-01
	endloop
endfacet
facet normal 0.000000e+00 0.000000e+00 0.000000e+00
	outer loop
		vertex 1.206518e-01 -1.306118e-01 -1.241500e-01
		vertex 1.206518e-01 -1.306118e-01 -1.241500e-01
		vertex 1.291953e-01 -1.325822e-01 -1.229438e-01
	endloop
endfacet
facet normal 0.000000e+00 0.000000e+00 0.000000e+00
	outer loop
		vertex 1.206518e-01 -1.306118e-01 -1.241500e-01
		vertex 1.291953e-01 -1.325822e-01 -1.229438e-01
		vertex 1.291953e-01 -1.325822e-01 -1.229438e-01
	endloop
endfacet
facet normal 0.000000e+00 0.000000e+00 0.000000e+00
	outer loop
		vertex 1.291953e-01 -1.325822e-01 -1.229438e-01
		vertex 1.206518e-01 -1.306118e-01 -1.241500e-01
		vertex 1.206518e-01 -1.306118e-01 -1.241500e-01
	endloop
endfacet
facet normal 0.000000e+00 0.000000e+00 0.000000e+00
	outer loop
		vertex 1.206518e-01 -1.306118e-01 -1.241500e-01
		vertex 1.291953e-01 -1.325822e-01 -1.229438e-01
		vertex 1.291953e-01 -1.325822e-01 -1.229438e-01
	endloop
endfacet
facet normal 0.000000e+00 0.000000e+00 0.000000e+00
	outer loop
		vertex 1.291953e-01 -1.325822e-01 -1.229438e-01
		vertex 1.206518e-01 -1.306118e-01 -1.241500e-01
		vertex 1.206518e-01 -1.306118e-01 -1.241500e-01
	endloop
endfacet
facet normal 0.000000e+00 0.000000e+00 0.000000e+00
	outer loop
		vertex 1.206518e-01 -1.306118e-01 -1.241500e-01
		vertex 1.206518e-01 -1.306118e-01 -1.241500e-01
		vertex 1.291953e-01 -1.325822e-01 -1.229438e-01
	endloop
endfacet
facet normal 1.943216e-01 9.614979e-01 1.943216e-01
	outer loop
		vertex 1.206518e-01 -1.306118e-01 -1.241500e-01
		vertex 1.206518e-01 -1.306118e-01 -1.241500e-01
		vertex 1.291953e-01 -1.325822e-01 -1.229438e-01
	endloop
endfacet
facet normal 0.000000e+00 0.000000e+00 0.000000e+00
	outer loop
		vertex 1.206518e-01 -1.306118e-01 -1.241500e-01
		vertex 1.291953e-01 -1.325822e-01 -1.229438e-01
		vertex 1.291953e-01 -1.325822e-01 -1.229438e-01
	endloop
endfacet
facet normal 0.000000e+00 0.000000e+00 0.000000e+00
	outer loop
		vertex 1.291953e-01 -1.325822e-01 -1.229438e-01
		vertex 1.206518e-01 -1.306118e-01 -1.241500e-01
		vertex 1.206518e-01 -1.306118e-01 -1.241500e-01
	endloop
endfacet
facet normal 0.000000e+00 0.000000e+00 0.000000e+00
	outer loop
		vertex 1.206518e-01 -1.306118e-01 -1.241500e-01
		vertex 1.291953e-01 -1.325822e-01 -1.229438e-01
		vertex 1.291953e-01 -1.325822e-01 -1.229438e-01
	endloop
endfacet
facet normal 0.000000e+00 0.000000e+00 0.000000e+00
	outer loop
		vertex 1.291953e-01 -1.325822e-01 -1.229438e-01
		vertex 1.206518e-01 -1.306118e-01 -1.241500e-01
		vertex 1.206518e-01 -1.306118e-01 -1.241500e-01
	endloop
endfacet
facet normal 0.000000e+00 0.000000e+00 0.000000e+00
	outer loop
		vertex 1.206518e-01 -1.306118e-01 -1.241500e-01
		vertex 1.206518e-01 -1.306118e-01 -1.241500e-01
		vertex 1.291953e-01 -1.325822e-01 -1.229438e-01
	endloop
endfacet
facet normal 0.000000e+00 0.000000e+00 0.000000e+00
	outer loop
		vertex 1.206518e-01 -1.306118e-01 -1.241500e-01
		vertex 1.291953e-01 -1.325822e-01 -1.229438e-01
		vertex 1.291953e-01 -1.325822e-01 -1.229438e-01
	endloop
endfacet
facet normal 0.000000e+00 0.000000e+00 0.000000e+00
	outer loop
		vertex 1.291953e-01 -1.325822e-01 -1.229438e-01
		vertex 1.206518e-01 -1.306118e-01 -1.241500e-01
		vertex 1.206518e-01 -1.306118e-01 -1.241500e-01
	endloop
endfacet
facet normal 0.000000e+00 0.000000e+00 0.000000e+00
	outer loop
		vertex 1.206518e-01 -1.306118e-01 -1.241500e-01
		vertex 1.291953e-01 -1.325822e-01 -1.229438e-01
		vertex 1.291953e-01 -1.325822e-01 -1.229438e-01
	endloop
endfacet
facet normal 0.000000e+00 0.000000e+00 0.000000e+00
	outer loop
		vertex 1.291953e-01 -1.325822e-01 -1.229438e-01
		vertex 1.206518e-01 -1.306118e-01 -1.241500e-01
		vertex 1.206518e-01 -1.306118e-01 -1.241500e-01
	endloop
endfacet
facet normal 0.000000e+00 0.000000e+00 0.000000e+00
	outer loop
		vertex 1.206518e-01 -1.306118e-01 -1.241500e-01
		vertex 1.206518e-01 -1.306118e-01 -1.241500e-01
		vertex 1.291953e-01 -1.325822e-01 -1.229438e-01
	endloop
endfacet
facet normal 1.943216e-01 9.614979e-01 1.943216e-01
	outer loop
		vertex 1.206518e-01 -1.306118e-01 -1.241500e-01
		vertex 1.206518e-01 -1.306118e-01 -1.241500e-01
		vertex 1.291953e-01 -1.325822e-01 -1.229438e-01
	endloop
endfacet
facet normal 0.000000e+00 -5.299989e-01 -8.479983e-01
	outer loop
		vertex 1.206518e-01 -1.306118e-01 -1.241500e-01
		vertex 1.291953e-01 -1.325822e-01 -1.229438e-01
		vertex 1.291953e-01 -1.325822e-01 -1.229438e-01
	endloop
endfacet
facet normal 0.000000e+00 -5.299989e-01 -8.479983e-01
	outer loop
		vertex 1.291953e-01 -1.325822e-01 -1.229438e-01
		vertex 1.206518e-01 -1.306118e-01 -1.241500e-01
		vertex 1.206518e-01 -1.306118e-01 -1.241500e-01
	endloop
endfacet
facet normal 0.000000e+00 -5.299989e-01 -8.479983e-01
	outer loop
		vertex 1.206518e-01 -1.306118e-01 -1.241500e-01
		vertex 1.291953e-01 -1.325822e-01 -1.229438e-01
		vertex 1.291953e-01 -1.325822e-01 -1.229438e-01
	endloop
endfacet
facet normal 0.000000e+00 -5.299989e-01 -8.479983e-01
	outer loop
		vertex 1.291953e-01 -1.325822e-01 -1.229438e-01
		vertex 1.206518e-01 -1.306118e-01 -1.241500e-01
		vertex 1.206518e-01 -1.306118e-01 -1.241500e-01
	endloop
endfacet
facet normal 0.000000e+00 0.000000e+00 0.000000e+00
	outer loop
		vertex 1.206518e-01 -1.306118e-01 -1.241500e-01
		vertex 1.206518e-01 -1.306118e-01 -1.241500e-01
		vertex 1.291953e-01 -1.325822e-01 -1.229438e-01
	endloop
endfacet
facet normal 0.000000e+00 -5.299989e-01 -8.479983e-01
	outer loop
		vertex 1.206518e-01 -1.306118e-01 -1.241500e-01
		vertex 1.291953e-01 -1.325822e-01 -1.229438e-01
		vertex 1.291953e-01 -1.325822e-01 -1.229438e-01
	endloop
endfacet
facet normal 0.000000e+00 -5.299989e-01 -8.479983e-01
	outer loop
		vertex 1.291953e-01 -1.325822e-01 -1.229438e-01
		vertex 1.206518e-01 -1.306118e-01 -1.241500e-01
		vertex 1.206518e-01 -1.306118e-01 -1.241500e-01
	endloop
endfacet
facet normal 0.000000e+00 -5.299989e-01 -8.479983e-01
	outer loop
		vertex 1.206518e-01 -1.306118e-01 -1.241500e-01
		vertex 1.291953e-01 -1.325822e-01 -1.229438e-01
		vertex 1.291953e-01 -1.325822e-01 -1.229438e-01
	endloop
endfacet
facet normal 0.000000e+00 -5.299989e-01 -8.479983e-01
	outer loop
		vertex 1.291953e-01 -1.325822e-01 -1.229438e-01
		vertex 1.206518e-01 -1.306118e-01 -1.241500e-01
		vertex 1.206518e-01 -1.306118e-01 -1.241500e-01
	endloop
endfacet
facet normal 0.000000e+00 0.000000e+00 0.000000e+00
	outer loop
		vertex 1.206518e-01 -1.306118e-01 -1.241500e-01
		vertex 1.206518e-01 -1.306118e-01 -1.241500e-01
		vertex 1.291953e-01 -1.325822e-01 -1.229438e-01
	endloop
endfacet
facet normal 1.943216e-01 9.614979e-01 1.943216e-01
	outer loop
		vertex 1.206518e-01 -1.306118e-01 -1.241500e-01
		vertex 1.206518e-01 -1.306118e-01 -1.241500e-01
		vertex 1.291953e-01 -1.325822e-01 -1.229438e-01
	endloop
endfacet
facet normal 0.000000e+00 -5.299989e-01 -8.479983e-01
	outer loop
		vertex 1.206518e-01 -1.306118e-01 -1.241500e-01
		vertex 1.291953e-01 -1.325822e-01 -1.229438e-01
		vertex 1.291953e-01 -1.325822e-01 -1.229438e-01
	endloop
endfacet
facet normal 0.000000e+00 -5.299989e-01 -8.479983e-01
	outer loop
		vertex 1.291953e-01 -1.325822e-01 -1.229438e-01
		vertex 1.206518e-01 -1.306118e-01 -1.241500e-01
		vertex 1.206518e-01 -1.306118e-01 -1.241500e-01
	endloop
endfacet
facet normal 0.000000e+00 -5.299989e-01 -8.479983e-01
	outer loop
		vertex 1.206518e-01 -1.306118e-01 -1.241500e-01
		vertex 1.291953e-01 -1.325822e-01 -1.229438e-01
		vertex 1.291953e-01 -1.325822e-01 -1.229438e-01
	endloop
endfacet
facet normal 0.000000e+00 -5.299989e-01 -8.479983e-01
	outer loop
		vertex 1.291953e-01 -1.325822e-01 -1.229438e-01
		vertex 1.206518e-01 -1.306118e-01 -1.241500e-01
		vertex 1.206518e-01 -1.306118e-01 -1.241500e-01
	endloop
endfacet
facet normal 0.000000e+00 0.000000e+00 0.000000e+00
	outer loop
		vertex 1.206518e-01 -1.306118e-01 -1.241500e-01
		vertex 1.206518e-01 -1.306118e-01 -1.241500e-01
		vertex 1.291953e-01 -1.325822e-01 -1.229438e-01
	endloop
endfacet
facet normal 0.000000e+00 -5.299989e-01 -8.479983e-01
	outer loop
		vertex 1.206518e-01 -1.306118e-01 -1.241500e-01
		vertex 1.291953e-01 -1.325822e-01 -1.229438e-01
		vertex 1.291953e-01 -1.325822e-01 -1.229438e-01
	endloop
endfacet
facet normal 0.000000e+00 -5.299989e-01 -8.479983e-01
	outer loop
		vertex 1.291953e-01 -1.325822e-01 -1.229438e-01
		vertex 1.206518e-01 -1.306118e-01 -1.241500e-01
		vertex 1.206518e-01 -1.306118e-01 -1.241500e-01
	endloop
endfacet
facet normal 0.000000e+00 -5.299989e-01 -8.479983e-01
	outer loop
		vertex 1.206518e-01 -1.306118e-01 -1.241500e-01
		vertex 1.291953e-01 -1.325822e-01 -1.229438e-01
		vertex 1.291953e-01 -1.325822e-01 -1.229438e-01
	endloop
endfacet
facet normal 0.000000e+00 -5.299989e-01 -8.479983e-01
	outer loop
		vertex 1.291953e-01 -1.325822e-01 -1.229438e-01
		vertex 1.206518e-01 -1.306118e-01 -1.241500e-01
		vertex 1.206518e-01 -1.306118e-01 -1.241500e-01
	endloop
endfacet
facet normal 0.000000e+00 0.000000e+00 0.000000e+00
	outer loop
		vertex 1.206518e-01 -1.306118e-01 -1.241500e-01
		vertex 1.206518e-01 -1.306118e-01 -1.241500e-01
		vertex 1.291953e-01 -1.325822e-01 -1.229438e-01
	endloop
endfacet
facet normal -2.261297e-01 -9.740972e-01 0.000000e+00
	outer loop
		vertex 1.206518e-01 -1.306118e-01 -1.241500e-01
		vertex 1.291953e-01 -1.325822e-01 -1.229438e-01
		vertex 1.291953e-01 -1.325822e-01 -1.229438e-01
	endloop
endfacet
facet normal -2.261297e-01 -9.740972e-01 0.000000e+00
	outer loop
		vertex 1.291953e-01 -1.325822e-01 -1.229438e-01
		vertex 1.206518e-01 -1.306118e-01 -1.241500e-01
		vertex 1.206518e-01 -1.306118e-01 -1.241500e-01
	endloop
endfacet
facet normal -2.228248e-01 -9.748585e-01 0.000000e+00
	outer loop
		vertex 1.206518e-01 -1.306118e-01 -1.241500e-01
		vertex 1.291953e-01 -1.325822e-01 -1.229438e-01
		vertex 1.291953e-01 -1.325822e-01 -1.229438e-01
	endloop
endfacet
facet normal -2.261297e-01 -9.740972e-01 0.000000e+00
	outer loop
		vertex 1.291953e-01 -1.325822e-01 -1.229438e-01
		vertex 1.206518e-01 -1.306118e-01 -1.241500e-01
		vertex 1.206518e-01 -1.306118e-01 -1.241500e-01
	endloop
endfacet
facet normal 0.000000e+00 0.000000e+00 0.000000e+00
	outer loop
		vertex 1.206518e-01 -1.306118e-01 -1.241500e-01
		vertex 1.206518e-01 -1.306118e-01 -1.241500e-01
		vertex 1.291953e-01 -1.325822e-01 -1.229438e-01
	endloop
endfacet
facet normal -2.261297e-01 -9.740972e-01 0.000000e+00
	outer loop
		vertex 1.206518e-01 -1.306118e-01 -1.241500e-01
		vertex 1.291953e-01 -1.325822e-01 -1.229438e-01
		vertex 1.291953e-01 -1.325822e-01 -1.229438e-01
	endloop
endfacet
facet normal -2.261297e-01 -9.740972e-01 0.000000e+00
	outer loop
		vertex 1.291953e-01 -1.325822e-01 -1.229438e-01
		vertex 1.206518e-01 -1.306118e-01 -1.241500e-01
		vertex 1.206518e-01 -1.306118e-01 -1.241500e-01
	endloop
endfacet
facet normal -2.228248e-01 -9.748585e-01 0.000000e+00
	outer loop
		vertex 1.206518e-01 -1.306118e-01 -1.241500e-01
		vertex 1.291953e-01 -1.325822e-01 -1.229438e-01
		vertex 1.291953e-01 -1.325822e-01 -1.229438e-01
	endloop
endfacet
facet normal -2.261297e-01 -9.740972e-01 0.000000e+00
	outer loop
		vertex 1.291953e-01 -1.325822e-01 -1.229438e-01
		vertex 1.206518e-01 -1.306118e-01 -1.241500e-01
		vertex 1.206518e-01 -1.306118e-01 -1.241500e-01
	endloop
endfacet
facet normal 0.000000e+00 0.000000e+00 0.000000e+00
	outer loop
		vertex 1.206518e-01 -1.306118e-01 -1.241500e-01
		vertex 1.206518e-01 -1.306118e-01 -1.241500e-01
		vertex 1.291953e-01 -1.325822e-01 -1.229438e-01
	endloop
endfacet
facet normal 1.943216e-01 9.614979e-01 1.943216e-01
	outer loop
		vertex 1.206518e-01 -1.306118e-01 -1.241500e-01
		vertex 1.206518e-01 -1.306118e-01 -1.241500e-01
		vertex 1.291953e-01 -1.325822e-01 -1.229438e-01
	endloop
endfacet
facet normal 0.000000e+00 0.000000e+00 0.000000e+00
	outer loop
		vertex 1.206518e-01 -1.306118e-01 -1.241500e-01
		vertex 1.291953e-01 -1.325822e-01 -1.229438e-01
		vertex 1.291953e-01 -1.325822e-01 -1.229438e-01
	endloop
endfacet
facet normal 0.000000e+00 0.000000e+00 0.000000e+00
	outer loop
		vertex 1.291953e-01 -1.325822e-01 -1.229438e-01
		vertex 1.206518e-01 -1.306118e-01 -1.241500e-01
		vertex 1.206518e-01 -1.306118e-01 -1.241500e-01
	endloop
endfacet
facet normal 0.000000e+00 0.000000e+00 0.000000e+00
	outer loop
		vertex 1.206518e-01 -1.306118e-01 -1.241500e-01
		vertex 1.291953e-01 -1.325822e-01 -1.229438e-01
		vertex 1.291953e-01 -1.325822e-01 -1.229438e-01
	endloop
endfacet
facet normal 0.000000e+00 0.000000e+00 0.000000e+00
	outer loop
		vertex 1.291953e-01 -1.325822e-01 -1.229438e-01
		vertex 1.206518e-01 -1.306118e-01 -1.241500e-01
		vertex 1.206518e-01 -1.306118e-01 -1.241500e-01
	endloop
endfacet
facet normal 0.000000e+00 0.000000e+00 0.000000e+00
	outer loop
		vertex 1.206518e-01 -1.306118e-01 -1.241500e-01
		vertex 1.206518e-01 -1.306118e-01 -1.241500e-01
		vertex 1.291953e-01 -1.325822e-01 -1.229438e-01
	endloop
endfacet
facet normal 0.000000e+00 0.000000e+00 0.000000e+00
	outer loop
		vertex 1.206518e-01 -1.306118e-01 -1.241500e-01
		vertex 1.291953e-01 -1.325822e-01 -1.229438e-01
		vertex 1.291953e-01 -1.325822e-01 -1.229438e-01
	endloop
endfacet
facet normal 0.000000e+00 0.000000e+00 0.000000e+00
	outer loop
		vertex 1.291953e-01 -1.325822e-01 -1.229438e-01
		vertex 1.206518e-01 -1.306118e-01 -1.241500e-01
		vertex 1.206518e-01 -1.306118e-01 -1.241500e-01
	endloop
endfacet
facet normal 0.000000e+00 0.000000e+00 0.000000e+00
	outer loop
		vertex 1.206518e-01 -1.306118e-01 -1.241500e-01
		vertex 1.291953e-01 -1.325822e-01 -1.229438e-01
		vertex 1.291953e-01 -1.325822e-01 -1.229438e-01
	endloop
endfacet
facet normal 0.000000e+00 0.000000e+00 0.000000e+00
	outer loop
		vertex 1.291953e-01 -1.325822e-01 -1.229438e-01
		vertex 1.206518e-01 -1.306118e-01 -1.241500e-01
		vertex 1.206518e-01 -1.306118e-01 -1.241500e-01
	endloop
endfacet
facet normal 0.000000e+00 0.000000e+00 0.000000e+00
	outer loop
		vertex 1.206518e-01 -1.306118e-01 -1.241500e-01
		vertex 1.206518e-01 -1.306118e-01 -1.241500e-01
		vertex 1.291953e-01 -1.325822e-01 -1.229438e-01
	endloop
endfacet
facet normal 1.943216e-01 9.614979e-01 1.943216e-01
	outer loop
		vertex 1.206518e-01 -1.306118e-01 -1.241500e-01
		vertex 1.206518e-01 -1.306118e-01 -1.241500e-01
		vertex 1.291953e-01 -1.325822e-01 -1.229438e-01
	endloop
endfacet
facet normal 0.000000e+00 0.000000e+00 0.000000e+00
	outer loop
		vertex 1.206518e-01 -1.306118e-01 -1.241500e-01
		vertex 1.291953e-01 -1.325822e-01 -1.229438e-01
		vertex 1.291953e-01 -1.325822e-01 -1.229438e-01
	endloop
endfacet
facet normal 0.000000e+00 0.000000e+00 0.000000e+00
	outer loop
		vertex 1.291953e-01 -1.325822e-01 -1.229438e-01
		vertex 1.206518e-01 -1.306118e-01 -1.241500e-01
		vertex 1.206518e-01 -1.306118e-01 -1.241500e-01
	endloop
endfacet
facet normal 0.000000e+00 0.000000e+00 0.000000e+00
	outer loop
		vertex 1.206518e-01 -1.306118e-01 -1.241500e-01
		vertex 1.291953e-01 -1.325822e-01 -1.229438e-01
		vertex 1.291953e-01 -1.325822e-01 -1.229438e-01
	endloop
endfacet
facet normal 0.000000e+00 0.000000e+00 0.000000e+00
	outer loop
		vertex 1.291953e-01 -1.325822e-01 -1.229438e-01
		vertex 1.206518e-01 -1.306118e-01 -1.241500e-01
		vertex 1.206518e-01 -1.306118e-01 -1.241500e-01
	endloop
endfacet
facet normal 0.000000e+00 0.000000e+00 0.000000e+00
	outer loop
		vertex 1.206518e-01 -1.306118e-01 -1.241500e-01
		vertex 1.206518e-01 -1.306118e-01 -1.241500e-01
		vertex 1.291953e-01 -1.325822e-01 -1.229438e-01
	endloop
endfacet
facet normal 0.000000e+00 0.000000e+00 0.000000e+00
	outer loop
		vertex 1.206518e-01 -1.306118e-01 -1.241500e-01
		vertex 1.291953e-01 -1.325822e-01 -1.229438e-01
		vertex 1.291953e-01 -1.325822e-01 -1.229438e-01
	endloop
endfacet
facet normal 0.000000e+00 0.000000e+00 0.000000e+00
	outer loop
		vertex 1.291953e-01 -1.325822e-01 -1.229438e-01
		vertex 1.206518e-01 -1.306118e-01 -1.241500e-01
		vertex 1.206518e-01 -1.306118e-01 -1.241500e-01
	endloop
endfacet
facet normal 0.000000e+00 0.000000e+00 0.000000e+00
	outer loop
		vertex 1.206518e-01 -1.306118e-01 -1.241500e-01
		vertex 1.291953e-01 -1.325822e-01 -1.229438e-01
		vertex 1.291953e-01 -1.325822e-01 -1.229438e-01
	endloop
endfacet
facet normal 0.000000e+00 0.000000e+00 0.000000e+00
	outer loop
		vertex 1.291953e-01 -1.325822e-01 -1.229438e-01
		vertex 1.206518e-01 -1.306118e-01 -1.241500e-01
		vertex 1.206518e-01 -1.306118e-01 -1.241500e-01
	endloop
endfacet
facet normal 0.000000e+00 0.000000e+00 0.000000e+00
	outer loop
		vertex 1.206518e-01 -1.306118e-01 -1.241500e-01
		vertex 1.206518e-01 -1.306118e-01 -1.241500e-01
		vertex 1.291953e-01 -1.325822e-01 -1.229438e-01
	endloop
endfacet
facet normal -2.261297e-01 -9.740972e-01 0.000000e+00
	outer loop
		vertex 1.206518e-01 -1.306118e-01 -1.241500e-01
		vertex 1.291953e-01 -1.325822e-01 -1.229438e-01
		vertex 1.291953e-01 -1.325822e-01 -1.229438e-01
	endloop
endfacet
facet normal -2.261297e-01 -9.740972e-01 0.000000e+00
	outer loop
		vertex 1.291953e-01 -1.325822e-01 -1.229438e-01
		vertex 1.206518e-01 -1.306118e-01 -1.241500e-01
		vertex 1.206518e-01 -1.306118e-01 -1.241500e-01
	endloop
endfacet
facet normal -2.228248e-01 -9.748585e-01 0.000000e+00
	outer loop
		vertex 1.206518e-01 -1.306118e-01 -1.241500e-01
		vertex 1.291953e-01 -1.325822e-01 -1.229438e-01
		vertex 1.291953e-01 -1.325822e-01 -1.229438e-01
	endloop
endfacet
facet normal -2.261297e-01 -9.740972e-01 0.000000e+00
	outer loop
		vertex 1.291953e-01 -1.325822e-01 -1.229438e-01
		vertex 1.206518e-01 -1.306118e-01 -1.241500e-01
		vertex 1.206518e-01 -1.306118e-01 -1.241500e-01
	endloop
endfacet
facet normal 0.000000e+00 0.000000e+00 0.000000e+00
	outer loop
		vertex 1.206518e-01 -1.306118e-01 -1.241500e-01
		vertex 1.206518e-01 -1.306118e-01 -1.241500e-01
		vertex 1.291953e-01 -1.325822e-01 -1.229438e-01
	endloop
endfacet
facet normal -2.261297e-01 -9.740972e-01 0.000000e+00
	outer loop
		vertex 1.206518e-01 -1.306118e-01 -1.241500e-01
		vertex 1.291953e-01 -1.325822e-01 -1.229438e-01
		vertex 1.291953e-01 -1.325822e-01 -1.229438e-01
	endloop
endfacet
facet normal -2.261297e-01 -9.740972e-01 0.000000e+00
	outer loop
		vertex 1.291953e-01 -1.325822e-01 -1.229438e-01
		vertex 1.206518e-01 -1.306118e-01 -1.241500e-01
		vertex 1.206518e-01 -1.306118e-01 -1.241500e-01
	endloop
endfacet
facet normal -2.228248e-01 -9.748585e-01 0.000000e+00
	outer loop
		vertex 1.206518e-01 -1.306118e-01 -1.241500e-01
		vertex 1.291953e-01 -1.325822e-01 -1.229438e-01
		vertex 1.291953e-01 -1.325822e-01 -1.229438e-01
	endloop
endfacet
facet normal -2.261297e-01 -9.740972e-01 0.000000e+00
	outer loop
		vertex 1.291953e-01 -1.325822e-01 -1.229438e-01
		vertex 1.206518e-01 -1.306118e-01 -1.241500e-01
		vertex 1.206518e-01 -1.306118e-01 -1.241500e-01
	endloop
endfacet
facet normal 0.000000e+00 0.000000e+00 0.000000e+00
	outer loop
		vertex 1.206518e-01 -1.306118e-01 -1.241500e-01
		vertex 1.206518e-01 -1.306118e-01 -1.241500e-01
		vertex 1.291953e-01 -1.325822e-01 -1.229438e-01
	endloop
endfacet
facet normal 1.943216e-01 9.614979e-01 1.943216e-01
	outer loop
		vertex 1.206518e-01 -1.306118e-01 -1.241500e-01
		vertex 1.206518e-01 -1.306118e-01 -1.241500e-01
		vertex 1.291953e-01 -1.325822e-01 -1.229438e-01
	endloop
endfacet
facet normal 0.000000e+00 0.000000e+00 0.000000e+00
	outer loop
		vertex 1.206518e-01 -1.306118e-01 -1.241500e-01
		vertex 1.291953e-01 -1.325822e-01 -1.229438e-01
		vertex 1.291953e-01 -1.325822e-01 -1.229438e-01
	endloop
endfacet
facet normal 0.000000e+00 0.000000e+00 0.000000e+00
	outer loop
		vertex 1.291953e-01 -1.325822e-01 -1.229438e-01
		vertex 1.206518e-01 -1.306118e-01 -1.241500e-01
		vertex 1.206518e-01 -1.306118e-01 -1.241500e-01
	endloop
endfacet
facet normal 0.000000e+00 0.000000e+00 0.000000e+00
	outer loop
		vertex 1.206518e-01 -1.306118e-01 -1.241500e-01
		vertex 1.291953e-01 -1.325822e-01 -1.229438e-01
		vertex 1.291953e-01 -1.325822e-01 -1.229438e-01
	endloop
endfacet
facet normal 0.000000e+00 0.000000e+00 0.000000e+00
	outer loop
		vertex 1.291953e-01 -1.325822e-01 -1.229438e-01
		vertex 1.206518e-01 -1.306118e-01 -1.241500e-01
		vertex 1.206518e-01 -1.306118e-01 -1.241500e-01
	endloop
endfacet
facet normal 0.000000e+00 0.000000e+00 0.000000e+00
	outer loop
		vertex 1.206518e-01 -1.306118e-01 -1.241500e-01
		vertex 1.206518e-01 -1.306118e-01 -1.241500e-01
		vertex 1.291953e-01 -1.325822e-01 -1.229438e-01
	endloop
endfacet
facet normal 0.000000e+00 0.000000e+00 0.000000e+00
	outer loop
		vertex 1.206518e-01 -1.306118e-01 -1.241500e-01
		vertex 1.291953e-01 -1.325822e-01 -1.229438e-01
		vertex 1.291953e-01 -1.325822e-01 -1.229438e-01
	endloop
endfacet
facet normal 0.000000e+00 0.000000e+00 0.000000e+00
	outer loop
		vertex 1.291953e-01 -1.325822e-01 -1.229438e-01
		vertex 1.206518e-01 -1.306118e-01 -1.241500e-01
		vertex 1.206518e-01 -1.306118e-01 -1.241500e-01
	endloop
endfacet
facet normal 0.000000e+00 0.000000e+00 0.000000e+00
	outer loop
		vertex 1.206518e-01 -1.306118e-01 -1.241500e-01
		vertex 1.291953e-01 -1.325822e-01 -1.229438e-01
		vertex 1.291953e-01 -1.325822e-01 -1.229438e-01
	endloop
endfacet
facet normal 0.000000e+00 0.000000e+00 0.000000e+00
	outer loop
		vertex 1.291953e-01 -1.325822e-01 -1.229438e-01
		vertex 1.206518e-01 -1.306118e-01 -1.241500e-01
		vertex 1.206518e-01 -1.306118e-01 -1.241500e-01
	endloop
endfacet
facet normal 0.000000e+00 0.000000e+00 0.000000e+00
	outer loop
		vertex 1.206518e-01 -1.306118e-01 -1.241500e-01
		vertex 1.206518e-01 -1.306118e-01 -1.241500e-01
