solid MIKE666
facet normal 8.161503e-17 5.220944e-01 8.528877e-01
	outer loop
		vertex -2.056189e-01 -3.322582e-01 -7.123057e-04
		vertex -1.132271e-01 -2.751569e-01 -3.566681e-02
		vertex -2.357009e-01 -2.527455e-01 -4.938593e-02
	endloop
endfacet
facet normal 2.683173e-17 -5.220944e-01 -8.528877e-01
	outer loop
		vertex -9.140572e-03 -2.108279e-01 -7.504576e-02
		vertex -4.426951e-02 -2.325388e-01 -6.175546e-02
		vertex -2.357009e-01 -2.527455e-01 -4.938593e-02
	endloop
endfacet
facet normal -5.467536e-17 -5.220944e-01 -8.528877e-01
	outer loop
		vertex -4.426951e-02 -2.325388e-01 -6.175546e-02
		vertex -1.132271e-01 -2.751569e-01 -3.566681e-02
		vertex -2.357009e-01 -2.527455e-01 -4.938593e-02
	endloop
endfacet
facet normal 8.506508e-01 3.065031e-15 -5.257311e-01
	outer loop
		vertex -2.357009e-01 -2.527455e-01 -4.938593e-02
		vertex -2.052398e-01 -3.320239e-01 -9.887106e-05
		vertex -2.056189e-01 -3.322582e-01 -7.123057e-04
	endloop
endfacet
facet normal -1.074090e-15 5.220944e-01 8.528877e-01
	outer loop
		vertex -3.018755e-01 -1.860938e-02 -1.927121e-01
		vertex -3.311191e-01 -5.358222e-04 -2.037758e-01
		vertex -3.232147e-01 -2.142872e-02 -1.909863e-01
	endloop
endfacet
facet normal 0.000000e+00 0.000000e+00 0.000000e+00
	outer loop
		vertex -3.018755e-01 -1.860938e-02 -1.927121e-01
		vertex -3.311191e-01 -5.358222e-04 -2.037758e-01
		vertex -3.311191e-01 -5.358222e-04 -2.037758e-01
	endloop
endfacet
facet normal -7.077460e-16 5.220944e-01 8.528877e-01
	outer loop
		vertex -2.870819e-01 -2.775232e-02 -1.871153e-01
		vertex -3.018755e-01 -1.860938e-02 -1.927121e-01
		vertex -3.232147e-01 -2.142872e-02 -1.909863e-01
	endloop
endfacet
facet normal -5.746958e-01 -7.662610e-01 2.873479e-01
	outer loop
		vertex -2.870819e-01 -2.775232e-02 -1.871153e-01
		vertex -3.018755e-01 -1.860938e-02 -1.927121e-01
		vertex -3.311191e-01 -5.358222e-04 -2.037758e-01
	endloop
endfacet
facet normal -8.506508e-01 3.900220e-16 5.257311e-01
	outer loop
		vertex -2.787175e-01 -3.292179e-02 -1.189883e-01
		vertex -2.921638e-01 -1.035027e-01 -1.407448e-01
		vertex -2.357009e-01 -2.527455e-01 -4.938593e-02
	endloop
endfacet
facet normal -8.506508e-01 -1.803226e-16 5.257311e-01
	outer loop
		vertex -2.357009e-01 -2.527455e-01 -4.938593e-02
		vertex -2.558162e-01 -4.707555e-02 -8.193326e-02
		vertex -2.787175e-01 -3.292179e-02 -1.189883e-01
	endloop
endfacet
facet normal 1.511318e-01 -8.878995e-01 -4.345040e-01
	outer loop
		vertex -2.787175e-01 -3.292179e-02 -1.189883e-01
		vertex -2.558162e-01 -4.707555e-02 -8.193326e-02
		vertex -3.311191e-01 -5.358222e-04 -2.037758e-01
	endloop
endfacet
facet normal 8.506508e-01 -2.124844e-16 -5.257311e-01
	outer loop
		vertex -2.558162e-01 -4.707555e-02 -8.193326e-02
		vertex -2.280521e-01 -6.423475e-02 -3.700991e-02
		vertex -2.357009e-01 -2.527455e-01 -4.938593e-02
	endloop
endfacet
facet normal 7.427814e-01 -3.713907e-01 -5.570860e-01
	outer loop
		vertex -2.558162e-01 -4.707555e-02 -8.193326e-02
		vertex -2.280521e-01 -6.423475e-02 -3.700991e-02
		vertex -3.311191e-01 -5.358222e-04 -2.037758e-01
	endloop
endfacet
facet normal 8.506508e-01 2.977892e-16 -5.257311e-01
	outer loop
		vertex -2.787175e-01 -3.292179e-02 -1.189883e-01
		vertex -2.921638e-01 -1.035027e-01 -1.407448e-01
		vertex -3.174153e-01 -3.675779e-02 -1.816026e-01
	endloop
endfacet
facet normal 8.506508e-01 1.531052e-15 -5.257311e-01
	outer loop
		vertex -3.174153e-01 -3.675779e-02 -1.816026e-01
		vertex -3.042054e-01 -1.716938e-02 -1.602286e-01
		vertex -2.787175e-01 -3.292179e-02 -1.189883e-01
	endloop
endfacet
facet normal -4.465959e-01 -8.931918e-01 -5.254069e-02
	outer loop
		vertex -2.787175e-01 -3.292179e-02 -1.189883e-01
		vertex -3.042054e-01 -1.716938e-02 -1.602286e-01
		vertex -3.311191e-01 -5.358222e-04 -2.037758e-01
	endloop
endfacet
facet normal -8.506508e-01 8.271359e-16 5.257311e-01
	outer loop
		vertex -3.042054e-01 -1.716938e-02 -1.602286e-01
		vertex -3.104132e-01 -1.333278e-02 -1.702730e-01
		vertex -3.174153e-01 -3.675779e-02 -1.816026e-01
	endloop
endfacet
facet normal 5.773503e-01 -5.773503e-01 -5.773503e-01
	outer loop
		vertex -3.042054e-01 -1.716938e-02 -1.602286e-01
		vertex -3.104132e-01 -1.333278e-02 -1.702730e-01
		vertex -3.311191e-01 -5.358222e-04 -2.037758e-01
	endloop
endfacet
facet normal 8.506508e-01 7.364607e-15 -5.257311e-01
	outer loop
		vertex -3.104132e-01 -1.333278e-02 -1.702730e-01
		vertex -3.174153e-01 -3.675779e-02 -1.816026e-01
		vertex -3.203915e-01 -2.889097e-02 -1.864183e-01
	endloop
endfacet
facet normal 8.506508e-01 1.251976e-14 -5.257311e-01
	outer loop
		vertex -3.203915e-01 -2.889097e-02 -1.864183e-01
		vertex -3.132947e-01 -1.155191e-02 -1.749353e-01
		vertex -3.104132e-01 -1.333278e-02 -1.702730e-01
	endloop
endfacet
facet normal -3.911585e-01 -9.140757e-01 -1.070539e-01
	outer loop
		vertex -3.104132e-01 -1.333278e-02 -1.702730e-01
		vertex -3.132947e-01 -1.155191e-02 -1.749353e-01
		vertex -3.311191e-01 -5.358222e-04 -2.037758e-01
	endloop
endfacet
facet normal -8.506508e-01 1.846408e-15 5.257311e-01
	outer loop
		vertex -3.132947e-01 -1.155191e-02 -1.749353e-01
		vertex -3.146713e-01 -1.070115e-02 -1.771627e-01
		vertex -3.203915e-01 -2.889097e-02 -1.864183e-01
	endloop
endfacet
facet normal -8.662722e-01 -1.443787e-01 4.782544e-01
	outer loop
		vertex -3.132947e-01 -1.155191e-02 -1.749353e-01
		vertex -3.146713e-01 -1.070115e-02 -1.771627e-01
		vertex -3.311191e-01 -5.358222e-04 -2.037758e-01
	endloop
endfacet
facet normal -9.624078e-01 2.049572e-01 1.782237e-01
	outer loop
		vertex -3.146713e-01 -1.070115e-02 -1.771627e-01
		vertex -3.203915e-01 -2.889097e-02 -1.864183e-01
		vertex -3.203915e-01 -2.889097e-02 -1.864183e-01
	endloop
endfacet
facet normal -4.171408e-01 -3.012684e-01 8.574561e-01
	outer loop
		vertex -3.203915e-01 -2.889097e-02 -1.864183e-01
		vertex -3.146713e-01 -1.070115e-02 -1.771627e-01
		vertex -3.146713e-01 -1.070115e-02 -1.771627e-01
	endloop
endfacet
facet normal -9.624078e-01 2.049572e-01 1.782237e-01
	outer loop
		vertex -3.146713e-01 -1.070115e-02 -1.771627e-01
		vertex -3.203915e-01 -2.889097e-02 -1.864183e-01
		vertex -3.203915e-01 -2.889097e-02 -1.864183e-01
	endloop
endfacet
facet normal -4.171408e-01 -3.012684e-01 8.574561e-01
	outer loop
		vertex -3.203915e-01 -2.889097e-02 -1.864183e-01
		vertex -3.146713e-01 -1.070115e-02 -1.771627e-01
		vertex -3.146713e-01 -1.070115e-02 -1.771627e-01
	endloop
endfacet
facet normal -2.990214e-01 8.151186e-01 4.961531e-01
	outer loop
		vertex -3.146713e-01 -1.070115e-02 -1.771627e-01
		vertex -3.146713e-01 -1.070115e-02 -1.771627e-01
		vertex -3.311191e-01 -5.358222e-04 -2.037758e-01
	endloop
endfacet
facet normal 9.472190e-01 -3.181115e-01 3.976394e-02
	outer loop
		vertex -3.146713e-01 -1.070115e-02 -1.771627e-01
		vertex -3.146713e-01 -1.070115e-02 -1.771627e-01
		vertex -3.203915e-01 -2.889097e-02 -1.864183e-01
	endloop
endfacet
facet normal -6.312716e-01 -7.695729e-01 9.619661e-02
	outer loop
		vertex -3.146713e-01 -1.070115e-02 -1.771627e-01
		vertex -3.146713e-01 -1.070115e-02 -1.771627e-01
		vertex -3.311191e-01 -5.358222e-04 -2.037758e-01
	endloop
endfacet
facet normal -9.624078e-01 2.049572e-01 1.782237e-01
	outer loop
		vertex -3.146713e-01 -1.070115e-02 -1.771627e-01
		vertex -3.203915e-01 -2.889097e-02 -1.864183e-01
		vertex -3.203915e-01 -2.889097e-02 -1.864183e-01
	endloop
endfacet
facet normal -4.317903e-01 -2.954355e-01 8.522177e-01
	outer loop
		vertex -3.203915e-01 -2.889097e-02 -1.864183e-01
		vertex -3.146713e-01 -1.070115e-02 -1.771627e-01
		vertex -3.146713e-01 -1.070115e-02 -1.771627e-01
	endloop
endfacet
facet normal -9.592140e-01 2.042771e-01 1.953954e-01
	outer loop
		vertex -3.146713e-01 -1.070115e-02 -1.771627e-01
		vertex -3.203915e-01 -2.889097e-02 -1.864183e-01
		vertex -3.203915e-01 -2.889097e-02 -1.864183e-01
	endloop
endfacet
facet normal -4.317903e-01 -2.954355e-01 8.522177e-01
	outer loop
		vertex -3.203915e-01 -2.889097e-02 -1.864183e-01
		vertex -3.146713e-01 -1.070115e-02 -1.771627e-01
		vertex -3.146713e-01 -1.070115e-02 -1.771627e-01
	endloop
endfacet
facet normal -2.351141e-01 8.506508e-01 4.702283e-01
	outer loop
		vertex -3.146713e-01 -1.070115e-02 -1.771627e-01
		vertex -3.146713e-01 -1.070115e-02 -1.771627e-01
		vertex -3.311191e-01 -5.358222e-04 -2.037758e-01
	endloop
endfacet
facet normal 9.472190e-01 -3.181115e-01 3.976394e-02
	outer loop
		vertex -3.146713e-01 -1.070115e-02 -1.771627e-01
		vertex -3.146713e-01 -1.070115e-02 -1.771627e-01
		vertex -3.203915e-01 -2.889097e-02 -1.864183e-01
	endloop
endfacet
facet normal -6.312716e-01 -7.695729e-01 9.619661e-02
	outer loop
		vertex -3.146713e-01 -1.070115e-02 -1.771627e-01
		vertex -3.146713e-01 -1.070115e-02 -1.771627e-01
		vertex -3.311191e-01 -5.358222e-04 -2.037758e-01
	endloop
endfacet
facet normal 0.000000e+00 0.000000e+00 0.000000e+00
	outer loop
		vertex -3.146713e-01 -1.070115e-02 -1.771627e-01
		vertex -3.203915e-01 -2.889097e-02 -1.864183e-01
		vertex -3.203915e-01 -2.889097e-02 -1.864183e-01
	endloop
endfacet
facet normal 0.000000e+00 0.000000e+00 0.000000e+00
	outer loop
		vertex -3.203915e-01 -2.889097e-02 -1.864183e-01
		vertex -3.146713e-01 -1.070115e-02 -1.771627e-01
		vertex -3.146713e-01 -1.070115e-02 -1.771627e-01
	endloop
endfacet
facet normal 0.000000e+00 0.000000e+00 0.000000e+00
	outer loop
		vertex -3.146713e-01 -1.070115e-02 -1.771627e-01
		vertex -3.203915e-01 -2.889097e-02 -1.864183e-01
		vertex -3.203915e-01 -2.889097e-02 -1.864183e-01
	endloop
endfacet
facet normal 0.000000e+00 0.000000e+00 0.000000e+00
	outer loop
		vertex -3.203915e-01 -2.889097e-02 -1.864183e-01
		vertex -3.146713e-01 -1.070115e-02 -1.771627e-01
		vertex -3.146713e-01 -1.070115e-02 -1.771627e-01
	endloop
endfacet
facet normal 0.000000e+00 0.000000e+00 0.000000e+00
	outer loop
		vertex -3.146713e-01 -1.070115e-02 -1.771627e-01
		vertex -3.146713e-01 -1.070115e-02 -1.771627e-01
		vertex -3.311191e-01 -5.358222e-04 -2.037758e-01
	endloop
endfacet
facet normal 0.000000e+00 4.535011e-01 -8.912557e-01
	outer loop
		vertex -3.146713e-01 -1.070115e-02 -1.771627e-01
		vertex -3.146713e-01 -1.070115e-02 -1.771627e-01
		vertex -3.203915e-01 -2.889097e-02 -1.864183e-01
	endloop
endfacet
facet normal -0.000000e+00 9.341723e-01 3.568221e-01
	outer loop
		vertex -3.146713e-01 -1.070115e-02 -1.771627e-01
		vertex -3.146713e-01 -1.070115e-02 -1.771627e-01
		vertex -3.311191e-01 -5.358222e-04 -2.037758e-01
	endloop
endfacet
facet normal 0.000000e+00 0.000000e+00 0.000000e+00
	outer loop
		vertex -3.146713e-01 -1.070115e-02 -1.771627e-01
		vertex -3.203915e-01 -2.889097e-02 -1.864183e-01
		vertex -3.203915e-01 -2.889097e-02 -1.864183e-01
	endloop
endfacet
facet normal 0.000000e+00 0.000000e+00 0.000000e+00
	outer loop
		vertex -3.203915e-01 -2.889097e-02 -1.864183e-01
		vertex -3.146713e-01 -1.070115e-02 -1.771627e-01
		vertex -3.146713e-01 -1.070115e-02 -1.771627e-01
	endloop
endfacet
facet normal 0.000000e+00 0.000000e+00 0.000000e+00
	outer loop
		vertex -3.146713e-01 -1.070115e-02 -1.771627e-01
		vertex -3.203915e-01 -2.889097e-02 -1.864183e-01
		vertex -3.203915e-01 -2.889097e-02 -1.864183e-01
	endloop
endfacet
facet normal 0.000000e+00 0.000000e+00 0.000000e+00
	outer loop
		vertex -3.203915e-01 -2.889097e-02 -1.864183e-01
		vertex -3.146713e-01 -1.070115e-02 -1.771627e-01
		vertex -3.146713e-01 -1.070115e-02 -1.771627e-01
	endloop
endfacet
facet normal 0.000000e+00 0.000000e+00 0.000000e+00
	outer loop
		vertex -3.146713e-01 -1.070115e-02 -1.771627e-01
		vertex -3.146713e-01 -1.070115e-02 -1.771627e-01
		vertex -3.311191e-01 -5.358222e-04 -2.037758e-01
	endloop
endfacet
facet normal 0.000000e+00 4.535011e-01 -8.912557e-01
	outer loop
		vertex -3.146713e-01 -1.070115e-02 -1.771627e-01
		vertex -3.146713e-01 -1.070115e-02 -1.771627e-01
		vertex -3.203915e-01 -2.889097e-02 -1.864183e-01
	endloop
endfacet
facet normal -0.000000e+00 9.341723e-01 3.568221e-01
	outer loop
		vertex -3.146713e-01 -1.070115e-02 -1.771627e-01
		vertex -3.146713e-01 -1.070115e-02 -1.771627e-01
		vertex -3.311191e-01 -5.358222e-04 -2.037758e-01
	endloop
endfacet
facet normal -9.624078e-01 2.049572e-01 1.782237e-01
	outer loop
		vertex -3.146713e-01 -1.070115e-02 -1.771627e-01
		vertex -3.203915e-01 -2.889097e-02 -1.864183e-01
		vertex -3.203915e-01 -2.889097e-02 -1.864183e-01
	endloop
endfacet
facet normal -4.171408e-01 -3.012684e-01 8.574561e-01
	outer loop
		vertex -3.203915e-01 -2.889097e-02 -1.864183e-01
		vertex -3.146713e-01 -1.070115e-02 -1.771627e-01
		vertex -3.146713e-01 -1.070115e-02 -1.771627e-01
	endloop
endfacet
facet normal -9.624078e-01 2.049572e-01 1.782237e-01
	outer loop
		vertex -3.146713e-01 -1.070115e-02 -1.771627e-01
		vertex -3.203915e-01 -2.889097e-02 -1.864183e-01
		vertex -3.203915e-01 -2.889097e-02 -1.864183e-01
	endloop
endfacet
facet normal -4.171408e-01 -3.012684e-01 8.574561e-01
	outer loop
		vertex -3.203915e-01 -2.889097e-02 -1.864183e-01
		vertex -3.146713e-01 -1.070115e-02 -1.771627e-01
		vertex -3.146713e-01 -1.070115e-02 -1.771627e-01
	endloop
endfacet
facet normal -2.990214e-01 8.151186e-01 4.961531e-01
	outer loop
		vertex -3.146713e-01 -1.070115e-02 -1.771627e-01
		vertex -3.146713e-01 -1.070115e-02 -1.771627e-01
		vertex -3.311191e-01 -5.358222e-04 -2.037758e-01
	endloop
endfacet
facet normal 9.472190e-01 -3.181115e-01 3.976394e-02
	outer loop
		vertex -3.146713e-01 -1.070115e-02 -1.771627e-01
		vertex -3.146713e-01 -1.070115e-02 -1.771627e-01
		vertex -3.203915e-01 -2.889097e-02 -1.864183e-01
	endloop
endfacet
facet normal -6.312716e-01 -7.695729e-01 9.619661e-02
	outer loop
		vertex -3.146713e-01 -1.070115e-02 -1.771627e-01
		vertex -3.146713e-01 -1.070115e-02 -1.771627e-01
		vertex -3.311191e-01 -5.358222e-04 -2.037758e-01
	endloop
endfacet
facet normal -9.624078e-01 2.049572e-01 1.782237e-01
	outer loop
		vertex -3.146713e-01 -1.070115e-02 -1.771627e-01
		vertex -3.203915e-01 -2.889097e-02 -1.864183e-01
		vertex -3.203915e-01 -2.889097e-02 -1.864183e-01
	endloop
endfacet
facet normal -4.317903e-01 -2.954355e-01 8.522177e-01
	outer loop
		vertex -3.203915e-01 -2.889097e-02 -1.864183e-01
		vertex -3.146713e-01 -1.070115e-02 -1.771627e-01
		vertex -3.146713e-01 -1.070115e-02 -1.771627e-01
	endloop
endfacet
facet normal -9.592140e-01 2.042771e-01 1.953954e-01
	outer loop
		vertex -3.146713e-01 -1.070115e-02 -1.771627e-01
		vertex -3.203915e-01 -2.889097e-02 -1.864183e-01
		vertex -3.203915e-01 -2.889097e-02 -1.864183e-01
	endloop
endfacet
facet normal -4.317903e-01 -2.954355e-01 8.522177e-01
	outer loop
		vertex -3.203915e-01 -2.889097e-02 -1.864183e-01
		vertex -3.146713e-01 -1.070115e-02 -1.771627e-01
		vertex -3.146713e-01 -1.070115e-02 -1.771627e-01
	endloop
endfacet
facet normal -2.351141e-01 8.506508e-01 4.702283e-01
	outer loop
		vertex -3.146713e-01 -1.070115e-02 -1.771627e-01
		vertex -3.146713e-01 -1.070115e-02 -1.771627e-01
		vertex -3.311191e-01 -5.358222e-04 -2.037758e-01
	endloop
endfacet
facet normal 9.472190e-01 -3.181115e-01 3.976394e-02
	outer loop
		vertex -3.146713e-01 -1.070115e-02 -1.771627e-01
		vertex -3.146713e-01 -1.070115e-02 -1.771627e-01
		vertex -3.203915e-01 -2.889097e-02 -1.864183e-01
	endloop
endfacet
facet normal -6.312716e-01 -7.695729e-01 9.619661e-02
	outer loop
		vertex -3.146713e-01 -1.070115e-02 -1.771627e-01
		vertex -3.146713e-01 -1.070115e-02 -1.771627e-01
		vertex -3.311191e-01 -5.358222e-04 -2.037758e-01
	endloop
endfacet
facet normal 0.000000e+00 0.000000e+00 0.000000e+00
	outer loop
		vertex -3.146713e-01 -1.070115e-02 -1.771627e-01
		vertex -3.203915e-01 -2.889097e-02 -1.864183e-01
		vertex -3.203915e-01 -2.889097e-02 -1.864183e-01
	endloop
endfacet
facet normal 0.000000e+00 0.000000e+00 0.000000e+00
	outer loop
		vertex -3.203915e-01 -2.889097e-02 -1.864183e-01
		vertex -3.146713e-01 -1.070115e-02 -1.771627e-01
		vertex -3.146713e-01 -1.070115e-02 -1.771627e-01
	endloop
endfacet
facet normal 0.000000e+00 0.000000e+00 0.000000e+00
	outer loop
		vertex -3.146713e-01 -1.070115e-02 -1.771627e-01
		vertex -3.203915e-01 -2.889097e-02 -1.864183e-01
		vertex -3.203915e-01 -2.889097e-02 -1.864183e-01
	endloop
endfacet
facet normal 0.000000e+00 0.000000e+00 0.000000e+00
	outer loop
		vertex -3.203915e-01 -2.889097e-02 -1.864183e-01
		vertex -3.146713e-01 -1.070115e-02 -1.771627e-01
		vertex -3.146713e-01 -1.070115e-02 -1.771627e-01
	endloop
endfacet
facet normal 0.000000e+00 0.000000e+00 0.000000e+00
	outer loop
		vertex -3.146713e-01 -1.070115e-02 -1.771627e-01
		vertex -3.146713e-01 -1.070115e-02 -1.771627e-01
		vertex -3.311191e-01 -5.358222e-04 -2.037758e-01
	endloop
endfacet
facet normal 0.000000e+00 4.535011e-01 -8.912557e-01
	outer loop
		vertex -3.146713e-01 -1.070115e-02 -1.771627e-01
		vertex -3.146713e-01 -1.070115e-02 -1.771627e-01
		vertex -3.203915e-01 -2.889097e-02 -1.864183e-01
	endloop
endfacet
facet normal -0.000000e+00 9.341723e-01 3.568221e-01
	outer loop
		vertex -3.146713e-01 -1.070115e-02 -1.771627e-01
		vertex -3.146713e-01 -1.070115e-02 -1.771627e-01
		vertex -3.311191e-01 -5.358222e-04 -2.037758e-01
	endloop
endfacet
facet normal 0.000000e+00 0.000000e+00 0.000000e+00
	outer loop
		vertex -3.146713e-01 -1.070115e-02 -1.771627e-01
		vertex -3.203915e-01 -2.889097e-02 -1.864183e-01
		vertex -3.203915e-01 -2.889097e-02 -1.864183e-01
	endloop
endfacet
facet normal 0.000000e+00 0.000000e+00 0.000000e+00
	outer loop
		vertex -3.203915e-01 -2.889097e-02 -1.864183e-01
		vertex -3.146713e-01 -1.070115e-02 -1.771627e-01
		vertex -3.146713e-01 -1.070115e-02 -1.771627e-01
	endloop
endfacet
facet normal 0.000000e+00 0.000000e+00 0.000000e+00
	outer loop
		vertex -3.146713e-01 -1.070115e-02 -1.771627e-01
		vertex -3.203915e-01 -2.889097e-02 -1.864183e-01
		vertex -3.203915e-01 -2.889097e-02 -1.864183e-01
	endloop
endfacet
facet normal 0.000000e+00 0.000000e+00 0.000000e+00
	outer loop
		vertex -3.203915e-01 -2.889097e-02 -1.864183e-01
		vertex -3.146713e-01 -1.070115e-02 -1.771627e-01
		vertex -3.146713e-01 -1.070115e-02 -1.771627e-01
	endloop
endfacet
facet normal 0.000000e+00 0.000000e+00 0.000000e+00
	outer loop
		vertex -3.146713e-01 -1.070115e-02 -1.771627e-01
		vertex -3.146713e-01 -1.070115e-02 -1.771627e-01
		vertex -3.311191e-01 -5.358222e-04 -2.037758e-01
	endloop
endfacet
facet normal 0.000000e+00 4.535011e-01 -8.912557e-01
	outer loop
		vertex -3.146713e-01 -1.070115e-02 -1.771627e-01
		vertex -3.146713e-01 -1.070115e-02 -1.771627e-01
		vertex -3.203915e-01 -2.889097e-02 -1.864183e-01
	endloop
endfacet
facet normal -0.000000e+00 9.341723e-01 3.568221e-01
	outer loop
		vertex -3.146713e-01 -1.070115e-02 -1.771627e-01
		vertex -3.146713e-01 -1.070115e-02 -1.771627e-01
		vertex -3.311191e-01 -5.358222e-04 -2.037758e-01
	endloop
endfacet
facet normal 8.506508e-01 -3.741219e-14 -5.257311e-01
	outer loop
		vertex -3.311191e-01 -5.358222e-04 -2.037758e-01
		vertex -3.306231e-01 -8.423428e-04 -2.029734e-01
		vertex -3.232147e-01 -2.142872e-02 -1.909863e-01
	endloop
endfacet
facet normal 8.506508e-01 0.000000e+00 -5.257311e-01
	outer loop
		vertex -3.311191e-01 -5.358222e-04 -2.037758e-01
		vertex -3.306231e-01 -8.423428e-04 -2.029734e-01
		vertex -3.311191e-01 -5.358222e-04 -2.037758e-01
	endloop
endfacet
facet normal 8.506508e-01 -1.358481e-15 -5.257311e-01
	outer loop
		vertex -3.306231e-01 -8.423428e-04 -2.029734e-01
		vertex -3.188280e-01 -8.132147e-03 -1.838884e-01
		vertex -3.232147e-01 -2.142872e-02 -1.909863e-01
	endloop
endfacet
facet normal 5.841319e-01 8.099963e-01 -5.192284e-02
	outer loop
		vertex -3.306231e-01 -8.423428e-04 -2.029734e-01
		vertex -3.188280e-01 -8.132147e-03 -1.838884e-01
		vertex -3.311191e-01 -5.358222e-04 -2.037758e-01
	endloop
endfacet
facet normal -8.506508e-01 2.902270e-15 5.257311e-01
	outer loop
		vertex -3.188280e-01 -8.132147e-03 -1.838884e-01
		vertex -3.232147e-01 -2.142872e-02 -1.909863e-01
		vertex -3.203915e-01 -2.889097e-02 -1.864183e-01
	endloop
endfacet
facet normal -8.506508e-01 1.266252e-15 5.257311e-01
	outer loop
		vertex -3.203915e-01 -2.889097e-02 -1.864183e-01
		vertex -3.164970e-01 -9.572789e-03 -1.801168e-01
		vertex -3.188280e-01 -8.132147e-03 -1.838884e-01
	endloop
endfacet
facet normal -1.770655e-01 8.768959e-01 4.468796e-01
	outer loop
		vertex -3.188280e-01 -8.132147e-03 -1.838884e-01
		vertex -3.164970e-01 -9.572789e-03 -1.801168e-01
		vertex -3.311191e-01 -5.358222e-04 -2.037758e-01
	endloop
endfacet
facet normal 8.506508e-01 -7.387387e-15 -5.257311e-01
	outer loop
		vertex -3.164970e-01 -9.572789e-03 -1.801168e-01
		vertex -3.146713e-01 -1.070115e-02 -1.771627e-01
		vertex -3.203915e-01 -2.889097e-02 -1.864183e-01
	endloop
endfacet
facet normal -4.904192e-01 -8.709519e-01 -3.052402e-02
	outer loop
		vertex -3.164970e-01 -9.572789e-03 -1.801168e-01
		vertex -3.146713e-01 -1.070115e-02 -1.771627e-01
		vertex -3.311191e-01 -5.358222e-04 -2.037758e-01
	endloop
endfacet
facet normal 4.244879e-17 5.220944e-01 -8.528877e-01
	outer loop
		vertex -1.269720e-01 -1.267057e-01 1.265411e-01
		vertex -5.801867e-02 -1.693212e-01 1.004540e-01
		vertex -2.044698e-01 -3.315480e-01 1.147064e-03
	endloop
endfacet
facet normal 5.257311e-01 8.506508e-01 -3.150611e-16
	outer loop
		vertex -1.269720e-01 -1.267057e-01 1.265411e-01
		vertex -5.801867e-02 -1.693212e-01 1.004540e-01
		vertex -3.311191e-01 -5.358222e-04 -2.037758e-01
	endloop
endfacet
facet normal 1.925512e-13 5.220944e-01 -8.528877e-01
	outer loop
		vertex -5.798873e-02 -1.693397e-01 1.004427e-01
		vertex -2.042554e-01 -3.314155e-01 1.228177e-03
		vertex -2.044698e-01 -3.315480e-01 1.147064e-03
	endloop
endfacet
facet normal 0.000000e+00 5.220944e-01 -8.528877e-01
	outer loop
		vertex -2.044698e-01 -3.315480e-01 1.147064e-03
		vertex -5.801867e-02 -1.693212e-01 1.004540e-01
		vertex -5.798873e-02 -1.693397e-01 1.004427e-01
	endloop
endfacet
facet normal -5.257311e-01 -8.506508e-01 -8.111370e-13
	outer loop
		vertex -5.798873e-02 -1.693397e-01 1.004427e-01
		vertex -5.801867e-02 -1.693212e-01 1.004540e-01
		vertex -3.311191e-01 -5.358222e-04 -2.037758e-01
	endloop
endfacet
facet normal -5.257311e-01 8.506508e-01 -4.943620e-12
	outer loop
		vertex 0.000000e+00 -2.051787e-01 7.293491e-02
		vertex -2.044698e-01 -3.315480e-01 1.147064e-03
		vertex -2.042554e-01 -3.314155e-01 1.228177e-03
	endloop
endfacet
facet normal 5.257311e-01 -8.506508e-01 1.263237e-11
	outer loop
		vertex -2.042554e-01 -3.314155e-01 1.228177e-03
		vertex 0.000000e+00 -2.051787e-01 7.293491e-02
		vertex 0.000000e+00 -2.051787e-01 7.293719e-02
	endloop
endfacet
facet normal 5.257311e-01 8.506508e-01 -1.032091e-11
	outer loop
		vertex 0.000000e+00 -2.051787e-01 7.293719e-02
		vertex 0.000000e+00 -2.051787e-01 7.293491e-02
		vertex -3.311191e-01 -5.358222e-04 -2.037758e-01
	endloop
endfacet
facet normal 1.768482e-16 -5.220944e-01 8.528877e-01
	outer loop
		vertex 0.000000e+00 -2.051787e-01 7.850390e-02
		vertex -5.798873e-02 -1.693397e-01 1.004427e-01
		vertex -2.042554e-01 -3.314155e-01 1.228177e-03
	endloop
endfacet
facet normal -5.257311e-01 -8.506508e-01 6.243890e-16
	outer loop
		vertex 0.000000e+00 -2.051787e-01 7.850390e-02
		vertex -5.798873e-02 -1.693397e-01 1.004427e-01
		vertex -3.311191e-01 -5.358222e-04 -2.037758e-01
	endloop
endfacet
facet normal -5.257311e-01 8.506508e-01 0.000000e+00
	outer loop
		vertex 0.000000e+00 -2.051787e-01 7.850390e-02
		vertex 0.000000e+00 -2.051787e-01 7.293719e-02
		vertex -2.042554e-01 -3.314155e-01 1.228177e-03
	endloop
endfacet
facet normal 5.257311e-01 8.506508e-01 0.000000e+00
	outer loop
		vertex 0.000000e+00 -2.051787e-01 7.850390e-02
		vertex 0.000000e+00 -2.051787e-01 7.293719e-02
		vertex -3.311191e-01 -5.358222e-04 -2.037758e-01
	endloop
endfacet
facet normal 5.257311e-01 -8.506508e-01 -1.058627e-16
	outer loop
		vertex 0.000000e+00 -2.051787e-01 7.236685e-02
		vertex -2.056189e-01 -3.322582e-01 -7.123057e-04
		vertex -1.132271e-01 -2.751569e-01 -3.566681e-02
	endloop
endfacet
facet normal -5.257311e-01 8.506508e-01 3.577057e-16
	outer loop
		vertex -1.132271e-01 -2.751569e-01 -3.566681e-02
		vertex 0.000000e+00 -2.051787e-01 7.236685e-02
		vertex 1.387779e-17 -2.051787e-01 3.593298e-02
	endloop
endfacet
facet normal -5.257311e-01 -8.506508e-01 -8.482844e-16
	outer loop
		vertex 1.387779e-17 -2.051787e-01 3.593298e-02
		vertex 0.000000e+00 -2.051787e-01 7.236685e-02
		vertex -3.311191e-01 -5.358222e-04 -2.037758e-01
	endloop
endfacet
facet normal -1.482377e-17 5.220944e-01 8.528877e-01
	outer loop
		vertex -1.129068e-01 -1.353985e-01 -1.212198e-01
		vertex -2.921638e-01 -1.035027e-01 -1.407448e-01
		vertex -2.357009e-01 -2.527455e-01 -4.938593e-02
	endloop
endfacet
facet normal -1.272441e-16 5.220944e-01 8.528877e-01
	outer loop
		vertex -2.357009e-01 -2.527455e-01 -4.938593e-02
		vertex -2.264926e-02 -1.911807e-01 -8.707277e-02
		vertex -1.129068e-01 -1.353985e-01 -1.212198e-01
	endloop
endfacet
facet normal 3.617725e-01 8.592097e-01 3.617725e-01
	outer loop
		vertex -1.129068e-01 -1.353985e-01 -1.212198e-01
		vertex -2.264926e-02 -1.911807e-01 -8.707277e-02
		vertex -3.311191e-01 -5.358222e-04 -2.037758e-01
	endloop
endfacet
facet normal -9.214726e-17 5.220944e-01 8.528877e-01
	outer loop
		vertex -2.264926e-02 -1.911807e-01 -8.707277e-02
		vertex -2.357009e-01 -2.527455e-01 -4.938593e-02
		vertex -9.140572e-03 -2.108279e-01 -7.504576e-02
	endloop
endfacet
facet normal 4.516920e-17 -5.220944e-01 -8.528877e-01
	outer loop
		vertex -9.140572e-03 -2.108279e-01 -7.504576e-02
		vertex -2.264926e-02 -1.911807e-01 -8.707277e-02
		vertex -4.163336e-17 -2.051787e-01 -7.850390e-02
	endloop
endfacet
facet normal -3.713907e-01 0.000000e+00 9.284767e-01
	outer loop
		vertex -4.163336e-17 -2.051787e-01 -7.850390e-02
		vertex -2.264926e-02 -1.911807e-01 -8.707277e-02
		vertex -3.311191e-01 -5.358222e-04 -2.037758e-01
	endloop
endfacet
facet normal 5.257311e-01 -8.506508e-01 0.000000e+00
	outer loop
		vertex -4.163336e-17 -2.051787e-01 -7.850390e-02
		vertex -4.163336e-17 -2.051787e-01 -6.243129e-02
		vertex -9.140572e-03 -2.108279e-01 -7.504576e-02
	endloop
endfacet
facet normal -5.257311e-01 -8.506508e-01 0.000000e+00
	outer loop
		vertex -4.163336e-17 -2.051787e-01 -7.850390e-02
		vertex -4.163336e-17 -2.051787e-01 -6.243129e-02
		vertex -3.311191e-01 -5.358222e-04 -2.037758e-01
	endloop
endfacet
facet normal -5.257311e-01 8.506508e-01 9.800798e-16
	outer loop
		vertex -5.551115e-17 -2.051787e-01 -6.243129e-02
		vertex -9.140572e-03 -2.108279e-01 -7.504576e-02
		vertex -4.426951e-02 -2.325388e-01 -6.175546e-02
	endloop
endfacet
facet normal 5.257311e-01 -8.506508e-01 -9.015290e-17
	outer loop
		vertex -4.426951e-02 -2.325388e-01 -6.175546e-02
		vertex -5.551115e-17 -2.051787e-01 -6.243129e-02
		vertex -4.163336e-17 -2.051787e-01 -1.621372e-02
	endloop
endfacet
facet normal 5.257311e-01 8.506508e-01 -1.578617e-16
	outer loop
		vertex -4.163336e-17 -2.051787e-01 -1.621372e-02
		vertex -5.551115e-17 -2.051787e-01 -6.243129e-02
		vertex -3.311191e-01 -5.358222e-04 -2.037758e-01
	endloop
endfacet
facet normal -5.257311e-01 8.506508e-01 -2.576565e-16
	outer loop
		vertex 0.000000e+00 -2.051787e-01 -1.621372e-02
		vertex -4.426951e-02 -2.325388e-01 -6.175546e-02
		vertex -1.132271e-01 -2.751569e-01 -3.566681e-02
	endloop
endfacet
facet normal 5.257311e-01 -8.506508e-01 2.499220e-16
	outer loop
		vertex -1.132271e-01 -2.751569e-01 -3.566681e-02
		vertex 0.000000e+00 -2.051787e-01 -1.621372e-02
		vertex 1.387779e-17 -2.051787e-01 3.593298e-02
	endloop
endfacet
facet normal 5.257311e-01 8.506508e-01 -5.926797e-16
	outer loop
		vertex 1.387779e-17 -2.051787e-01 3.593298e-02
		vertex 0.000000e+00 -2.051787e-01 -1.621372e-02
		vertex -3.311191e-01 -5.358222e-04 -2.037758e-01
	endloop
endfacet
facet normal -1.160118e-16 -5.220944e-01 -8.528877e-01
	outer loop
		vertex -1.129068e-01 -1.353985e-01 -1.212198e-01
		vertex -2.921638e-01 -1.035027e-01 -1.407448e-01
		vertex -3.174153e-01 -3.675779e-02 -1.816026e-01
	endloop
endfacet
facet normal 0.000000e+00 -5.220944e-01 -8.528877e-01
	outer loop
		vertex -3.174153e-01 -3.675779e-02 -1.816026e-01
		vertex -2.169399e-01 -7.110246e-02 -1.605785e-01
		vertex -1.129068e-01 -1.353985e-01 -1.212198e-01
	endloop
endfacet
facet normal -5.184758e-01 -2.073903e-01 8.295614e-01
	outer loop
		vertex -1.129068e-01 -1.353985e-01 -1.212198e-01
		vertex -2.169399e-01 -7.110246e-02 -1.605785e-01
		vertex -3.311191e-01 -5.358222e-04 -2.037758e-01
	endloop
endfacet
facet normal 1.688435e-16 -5.220944e-01 -8.528877e-01
	outer loop
		vertex -2.268069e-01 -6.500432e-02 -1.643115e-01
		vertex -2.169399e-01 -7.110246e-02 -1.605785e-01
		vertex -3.174153e-01 -3.675779e-02 -1.816026e-01
	endloop
endfacet
facet normal 2.532922e-01 7.598766e-01 5.986907e-01
	outer loop
		vertex -2.268069e-01 -6.500432e-02 -1.643115e-01
		vertex -2.169399e-01 -7.110246e-02 -1.605785e-01
		vertex -3.311191e-01 -5.358222e-04 -2.037758e-01
	endloop
endfacet
facet normal -5.458888e-16 -5.220944e-01 -8.528877e-01
	outer loop
		vertex -2.336736e-01 -6.076047e-02 -1.669094e-01
		vertex -2.268069e-01 -6.500432e-02 -1.643115e-01
		vertex -3.174153e-01 -3.675779e-02 -1.816026e-01
	endloop
endfacet
facet normal -2.328101e-02 4.656202e-01 8.846784e-01
	outer loop
		vertex -2.336736e-01 -6.076047e-02 -1.669094e-01
		vertex -2.268069e-01 -6.500432e-02 -1.643115e-01
		vertex -3.311191e-01 -5.358222e-04 -2.037758e-01
	endloop
endfacet
facet normal 5.243221e-16 5.220944e-01 8.528877e-01
	outer loop
		vertex -2.336736e-01 -6.076047e-02 -1.669094e-01
		vertex -2.479719e-01 -5.192364e-02 -1.723188e-01
		vertex -3.174153e-01 -3.675779e-02 -1.816026e-01
	endloop
endfacet
facet normal 0.000000e+00 5.144958e-01 8.574929e-01
	outer loop
		vertex -2.336736e-01 -6.076047e-02 -1.669094e-01
		vertex -2.479719e-01 -5.192364e-02 -1.723188e-01
		vertex -3.311191e-01 -5.358222e-04 -2.037758e-01
	endloop
endfacet
facet normal -6.171584e-16 5.220944e-01 8.528877e-01
	outer loop
		vertex -2.643118e-01 -4.182502e-02 -1.785007e-01
		vertex -3.203915e-01 -2.889097e-02 -1.864183e-01
		vertex -3.174153e-01 -3.675779e-02 -1.816026e-01
	endloop
endfacet
facet normal -7.595933e-16 5.220944e-01 8.528877e-01
	outer loop
		vertex -3.174153e-01 -3.675779e-02 -1.816026e-01
		vertex -2.486849e-01 -5.148299e-02 -1.725886e-01
		vertex -2.643118e-01 -4.182502e-02 -1.785007e-01
	endloop
endfacet
facet normal 5.759415e-01 6.253079e-01 -5.265751e-01
	outer loop
		vertex -2.643118e-01 -4.182502e-02 -1.785007e-01
		vertex -2.486849e-01 -5.148299e-02 -1.725886e-01
		vertex -3.311191e-01 -5.358222e-04 -2.037758e-01
	endloop
endfacet
facet normal 1.468153e-14 5.220944e-01 8.528877e-01
	outer loop
		vertex -2.486315e-01 -5.151600e-02 -1.725684e-01
		vertex -2.486849e-01 -5.148299e-02 -1.725886e-01
		vertex -3.174153e-01 -3.675779e-02 -1.816026e-01
	endloop
endfacet
facet normal 1.335562e-02 -5.062726e-01 -8.622701e-01
	outer loop
		vertex -2.486315e-01 -5.151600e-02 -1.725684e-01
		vertex -2.486849e-01 -5.148299e-02 -1.725886e-01
		vertex -3.311191e-01 -5.358222e-04 -2.037758e-01
	endloop
endfacet
facet normal 1.886458e-14 -5.220944e-01 -8.528877e-01
	outer loop
		vertex -2.486315e-01 -5.151600e-02 -1.725684e-01
		vertex -2.479719e-01 -5.192364e-02 -1.723188e-01
		vertex -3.174153e-01 -3.675779e-02 -1.816026e-01
	endloop
endfacet
facet normal 3.286538e-01 -4.661195e-02 -9.432995e-01
	outer loop
		vertex -2.486315e-01 -5.151600e-02 -1.725684e-01
		vertex -2.479719e-01 -5.192364e-02 -1.723188e-01
		vertex -3.311191e-01 -5.358222e-04 -2.037758e-01
	endloop
endfacet
facet normal 8.601730e-02 7.675390e-01 6.352047e-01
	outer loop
		vertex -2.643118e-01 -4.182502e-02 -1.785007e-01
		vertex -3.203915e-01 -2.889097e-02 -1.864183e-01
		vertex -3.203915e-01 -2.889097e-02 -1.864183e-01
	endloop
endfacet
facet normal 1.592517e-01 9.225618e-01 3.514521e-01
	outer loop
		vertex -3.203915e-01 -2.889097e-02 -1.864183e-01
		vertex -2.643118e-01 -4.182502e-02 -1.785007e-01
		vertex -2.643118e-01 -4.182502e-02 -1.785007e-01
	endloop
endfacet
facet normal 7.827271e-02 7.305453e-01 6.783635e-01
	outer loop
		vertex -2.643118e-01 -4.182502e-02 -1.785007e-01
		vertex -3.203915e-01 -2.889097e-02 -1.864183e-01
		vertex -3.203915e-01 -2.889097e-02 -1.864183e-01
	endloop
endfacet
facet normal 1.592517e-01 9.225618e-01 3.514521e-01
	outer loop
		vertex -3.203915e-01 -2.889097e-02 -1.864183e-01
		vertex -2.643118e-01 -4.182502e-02 -1.785007e-01
		vertex -2.643118e-01 -4.182502e-02 -1.785007e-01
	endloop
endfacet
facet normal -5.238445e-01 -3.813289e-01 7.616923e-01
	outer loop
		vertex -2.643118e-01 -4.182502e-02 -1.785007e-01
		vertex -2.643118e-01 -4.182502e-02 -1.785007e-01
		vertex -3.311191e-01 -5.358222e-04 -2.037758e-01
	endloop
endfacet
facet normal 0.000000e+00 0.000000e+00 0.000000e+00
	outer loop
		vertex -2.643118e-01 -4.182502e-02 -1.785007e-01
		vertex -2.643118e-01 -4.182502e-02 -1.785007e-01
		vertex -3.203915e-01 -2.889097e-02 -1.864183e-01
	endloop
endfacet
facet normal 0.000000e+00 0.000000e+00 0.000000e+00
	outer loop
		vertex -2.643118e-01 -4.182502e-02 -1.785007e-01
		vertex -2.643118e-01 -4.182502e-02 -1.785007e-01
		vertex -3.311191e-01 -5.358222e-04 -2.037758e-01
	endloop
endfacet
facet normal 8.601730e-02 7.675390e-01 6.352047e-01
	outer loop
		vertex -2.643118e-01 -4.182502e-02 -1.785007e-01
		vertex -3.203915e-01 -2.889097e-02 -1.864183e-01
		vertex -3.203915e-01 -2.889097e-02 -1.864183e-01
	endloop
endfacet
facet normal 1.592517e-01 9.225618e-01 3.514521e-01
	outer loop
		vertex -3.203915e-01 -2.889097e-02 -1.864183e-01
		vertex -2.643118e-01 -4.182502e-02 -1.785007e-01
		vertex -2.643118e-01 -4.182502e-02 -1.785007e-01
	endloop
endfacet
facet normal 7.827271e-02 7.305453e-01 6.783635e-01
	outer loop
		vertex -2.643118e-01 -4.182502e-02 -1.785007e-01
		vertex -3.203915e-01 -2.889097e-02 -1.864183e-01
		vertex -3.203915e-01 -2.889097e-02 -1.864183e-01
	endloop
endfacet
facet normal 1.592517e-01 9.225618e-01 3.514521e-01
	outer loop
		vertex -3.203915e-01 -2.889097e-02 -1.864183e-01
		vertex -2.643118e-01 -4.182502e-02 -1.785007e-01
		vertex -2.643118e-01 -4.182502e-02 -1.785007e-01
	endloop
endfacet
facet normal -5.238445e-01 -3.813289e-01 7.616923e-01
	outer loop
		vertex -2.643118e-01 -4.182502e-02 -1.785007e-01
		vertex -2.643118e-01 -4.182502e-02 -1.785007e-01
		vertex -3.311191e-01 -5.358222e-04 -2.037758e-01
	endloop
endfacet
facet normal 0.000000e+00 0.000000e+00 0.000000e+00
	outer loop
		vertex -2.643118e-01 -4.182502e-02 -1.785007e-01
		vertex -2.643118e-01 -4.182502e-02 -1.785007e-01
		vertex -3.203915e-01 -2.889097e-02 -1.864183e-01
	endloop
endfacet
facet normal 0.000000e+00 0.000000e+00 0.000000e+00
	outer loop
		vertex -2.643118e-01 -4.182502e-02 -1.785007e-01
		vertex -2.643118e-01 -4.182502e-02 -1.785007e-01
		vertex -3.311191e-01 -5.358222e-04 -2.037758e-01
	endloop
endfacet
facet normal -2.261071e-01 -4.522142e-01 8.627734e-01
	outer loop
		vertex -2.643118e-01 -4.182502e-02 -1.785007e-01
		vertex -2.643118e-01 -4.182502e-02 -1.785007e-01
		vertex -3.203915e-01 -2.889097e-02 -1.864183e-01
	endloop
endfacet
facet normal -4.307566e-01 -8.615133e-01 -2.687817e-01
	outer loop
		vertex -2.643118e-01 -4.182502e-02 -1.785007e-01
		vertex -2.643118e-01 -4.182502e-02 -1.785007e-01
		vertex -3.311191e-01 -5.358222e-04 -2.037758e-01
	endloop
endfacet
facet normal 8.601730e-02 7.675390e-01 6.352047e-01
	outer loop
		vertex -2.643118e-01 -4.182502e-02 -1.785007e-01
		vertex -3.203915e-01 -2.889097e-02 -1.864183e-01
		vertex -3.203915e-01 -2.889097e-02 -1.864183e-01
	endloop
endfacet
facet normal 1.592517e-01 9.225618e-01 3.514521e-01
	outer loop
		vertex -3.203915e-01 -2.889097e-02 -1.864183e-01
		vertex -2.643118e-01 -4.182502e-02 -1.785007e-01
		vertex -2.643118e-01 -4.182502e-02 -1.785007e-01
	endloop
endfacet
facet normal 7.827271e-02 7.305453e-01 6.783635e-01
	outer loop
		vertex -2.643118e-01 -4.182502e-02 -1.785007e-01
		vertex -3.203915e-01 -2.889097e-02 -1.864183e-01
		vertex -3.203915e-01 -2.889097e-02 -1.864183e-01
	endloop
endfacet
facet normal 1.592517e-01 9.225618e-01 3.514521e-01
	outer loop
		vertex -3.203915e-01 -2.889097e-02 -1.864183e-01
		vertex -2.643118e-01 -4.182502e-02 -1.785007e-01
		vertex -2.643118e-01 -4.182502e-02 -1.785007e-01
	endloop
endfacet
facet normal -5.238445e-01 -3.813289e-01 7.616923e-01
	outer loop
		vertex -2.643118e-01 -4.182502e-02 -1.785007e-01
		vertex -2.643118e-01 -4.182502e-02 -1.785007e-01
		vertex -3.311191e-01 -5.358222e-04 -2.037758e-01
	endloop
endfacet
facet normal 0.000000e+00 0.000000e+00 0.000000e+00
	outer loop
		vertex -2.643118e-01 -4.182502e-02 -1.785007e-01
		vertex -2.643118e-01 -4.182502e-02 -1.785007e-01
		vertex -3.203915e-01 -2.889097e-02 -1.864183e-01
	endloop
endfacet
facet normal 0.000000e+00 0.000000e+00 0.000000e+00
	outer loop
		vertex -2.643118e-01 -4.182502e-02 -1.785007e-01
		vertex -2.643118e-01 -4.182502e-02 -1.785007e-01
		vertex -3.311191e-01 -5.358222e-04 -2.037758e-01
	endloop
endfacet
facet normal 8.601730e-02 7.675390e-01 6.352047e-01
	outer loop
		vertex -2.643118e-01 -4.182502e-02 -1.785007e-01
		vertex -3.203915e-01 -2.889097e-02 -1.864183e-01
		vertex -3.203915e-01 -2.889097e-02 -1.864183e-01
	endloop
endfacet
facet normal 1.592517e-01 9.225618e-01 3.514521e-01
	outer loop
		vertex -3.203915e-01 -2.889097e-02 -1.864183e-01
		vertex -2.643118e-01 -4.182502e-02 -1.785007e-01
		vertex -2.643118e-01 -4.182502e-02 -1.785007e-01
	endloop
endfacet
facet normal 7.827271e-02 7.305453e-01 6.783635e-01
	outer loop
		vertex -2.643118e-01 -4.182502e-02 -1.785007e-01
		vertex -3.203915e-01 -2.889097e-02 -1.864183e-01
		vertex -3.203915e-01 -2.889097e-02 -1.864183e-01
	endloop
endfacet
facet normal 1.592517e-01 9.225618e-01 3.514521e-01
	outer loop
		vertex -3.203915e-01 -2.889097e-02 -1.864183e-01
		vertex -2.643118e-01 -4.182502e-02 -1.785007e-01
		vertex -2.643118e-01 -4.182502e-02 -1.785007e-01
	endloop
endfacet
facet normal -5.238445e-01 -3.813289e-01 7.616923e-01
	outer loop
		vertex -2.643118e-01 -4.182502e-02 -1.785007e-01
		vertex -2.643118e-01 -4.182502e-02 -1.785007e-01
		vertex -3.311191e-01 -5.358222e-04 -2.037758e-01
	endloop
endfacet
facet normal 0.000000e+00 0.000000e+00 0.000000e+00
	outer loop
		vertex -2.643118e-01 -4.182502e-02 -1.785007e-01
		vertex -2.643118e-01 -4.182502e-02 -1.785007e-01
		vertex -3.203915e-01 -2.889097e-02 -1.864183e-01
	endloop
endfacet
facet normal 0.000000e+00 0.000000e+00 0.000000e+00
	outer loop
		vertex -2.643118e-01 -4.182502e-02 -1.785007e-01
		vertex -2.643118e-01 -4.182502e-02 -1.785007e-01
		vertex -3.311191e-01 -5.358222e-04 -2.037758e-01
	endloop
endfacet
facet normal -2.261071e-01 -4.522142e-01 8.627734e-01
	outer loop
		vertex -2.643118e-01 -4.182502e-02 -1.785007e-01
		vertex -2.643118e-01 -4.182502e-02 -1.785007e-01
		vertex -3.203915e-01 -2.889097e-02 -1.864183e-01
	endloop
endfacet
facet normal -4.307566e-01 -8.615133e-01 -2.687817e-01
	outer loop
		vertex -2.643118e-01 -4.182502e-02 -1.785007e-01
		vertex -2.643118e-01 -4.182502e-02 -1.785007e-01
		vertex -3.311191e-01 -5.358222e-04 -2.037758e-01
	endloop
endfacet
facet normal -9.958789e-02 -7.967031e-01 -5.961093e-01
	outer loop
		vertex -2.643118e-01 -4.182502e-02 -1.785007e-01
		vertex -2.643118e-01 -4.182502e-02 -1.785007e-01
		vertex -3.203915e-01 -2.889097e-02 -1.864183e-01
	endloop
endfacet
facet normal -7.587715e-02 -6.070172e-01 -7.910580e-01
	outer loop
		vertex -2.643118e-01 -4.182502e-02 -1.785007e-01
		vertex -2.643118e-01 -4.182502e-02 -1.785007e-01
		vertex -3.311191e-01 -5.358222e-04 -2.037758e-01
	endloop
endfacet
facet normal 0.000000e+00 0.000000e+00 0.000000e+00
	outer loop
		vertex -2.643118e-01 -4.182502e-02 -1.785007e-01
		vertex -3.203915e-01 -2.889097e-02 -1.864183e-01
		vertex -3.203915e-01 -2.889097e-02 -1.864183e-01
	endloop
endfacet
facet normal 0.000000e+00 0.000000e+00 0.000000e+00
	outer loop
		vertex -3.203915e-01 -2.889097e-02 -1.864183e-01
		vertex -2.643118e-01 -4.182502e-02 -1.785007e-01
		vertex -2.643118e-01 -4.182502e-02 -1.785007e-01
	endloop
endfacet
facet normal 0.000000e+00 0.000000e+00 0.000000e+00
	outer loop
		vertex -2.643118e-01 -4.182502e-02 -1.785007e-01
