solid MIKE666
facet normal 0.000000e+00 1.000000e+00 0.000000e+00
	outer loop
		vertex 2.051787e-01 -3.334218e-01 2.963561e-18
		vertex 2.051787e-01 -3.334218e-01 0.000000e+00
		vertex 2.051787e-01 -3.334218e-01 0.000000e+00
	endloop
endfacet
facet normal 0.000000e+00 1.000000e+00 0.000000e+00
	outer loop
		vertex 2.051787e-01 -3.334218e-01 -3.293688e-17
		vertex 2.051787e-01 -3.334218e-01 -3.589014e-17
		vertex 2.051787e-01 -3.334218e-01 -3.589014e-17
	endloop
endfacet
facet normal 0.000000e+00 1.000000e+00 0.000000e+00
	outer loop
		vertex 2.051787e-01 -3.334218e-01 2.206404e-18
		vertex 2.051787e-01 -3.334218e-01 0.000000e+00
		vertex 2.051787e-01 -3.334218e-01 0.000000e+00
	endloop
endfacet
facet normal 0.000000e+00 1.000000e+00 0.000000e+00
	outer loop
		vertex 2.051787e-01 -3.334218e-01 2.860014e-17
		vertex 2.051787e-01 -3.334218e-01 0.000000e+00
		vertex 2.051787e-01 -3.334218e-01 2.860014e-17
	endloop
endfacet
facet normal 0.000000e+00 -1.000000e+00 0.000000e+00
	outer loop
		vertex 2.051787e-01 -3.334218e-01 2.860014e-17
		vertex 2.051787e-01 -3.334218e-01 0.000000e+00
		vertex 2.051787e-01 -3.334218e-01 2.860014e-17
	endloop
endfacet
facet normal 0.000000e+00 1.000000e+00 0.000000e+00
	outer loop
		vertex 2.051787e-01 -3.334218e-01 0.000000e+00
		vertex 2.051787e-01 -3.334218e-01 0.000000e+00
		vertex 2.051787e-01 -3.334218e-01 2.860014e-17
	endloop
endfacet
facet normal 0.000000e+00 -1.000000e+00 0.000000e+00
	outer loop
		vertex 2.051787e-01 -3.334218e-01 2.860014e-17
		vertex 2.051787e-01 -3.334218e-01 0.000000e+00
		vertex 2.051787e-01 -3.334218e-01 2.860014e-17
	endloop
endfacet
facet normal 0.000000e+00 1.000000e+00 0.000000e+00
	outer loop
		vertex 2.051787e-01 -3.334218e-01 2.963561e-18
		vertex 2.051787e-01 -3.334218e-01 0.000000e+00
		vertex 2.051787e-01 -3.334218e-01 0.000000e+00
	endloop
endfacet
facet normal 0.000000e+00 -1.000000e+00 0.000000e+00
	outer loop
		vertex 2.051787e-01 -3.334218e-01 -2.772227e-18
		vertex 2.051787e-01 -3.334218e-01 0.000000e+00
		vertex 2.051787e-01 -3.334218e-01 0.000000e+00
	endloop
endfacet
facet normal 0.000000e+00 -6.000000e-01 -8.000000e-01
	outer loop
		vertex 2.051787e-01 -3.334218e-01 -8.326673e-17
		vertex 2.051787e-01 -3.334218e-01 0.000000e+00
		vertex 2.051787e-01 -3.334218e-01 0.000000e+00
	endloop
endfacet
facet normal 0.000000e+00 2.319859e-01 9.727191e-01
	outer loop
		vertex 2.051787e-01 -3.334218e-01 1.323898e-17
		vertex 2.051787e-01 -3.334218e-01 0.000000e+00
		vertex 2.051787e-01 -3.334218e-01 0.000000e+00
	endloop
endfacet
facet normal 0.000000e+00 -0.000000e+00 1.000000e+00
	outer loop
		vertex 2.051787e-01 -3.334218e-01 0.000000e+00
		vertex 2.051787e-01 -3.334218e-01 0.000000e+00
		vertex 2.051787e-01 -3.334218e-01 0.000000e+00
	endloop
endfacet
facet normal 0.000000e+00 2.319859e-01 9.727191e-01
	outer loop
		vertex 2.051787e-01 -3.334218e-01 1.323898e-17
		vertex 2.051787e-01 -3.334218e-01 1.495931e-33
		vertex 2.051787e-01 -3.334218e-01 1.495931e-33
	endloop
endfacet
facet normal 0.000000e+00 -0.000000e+00 1.000000e+00
	outer loop
		vertex 2.051787e-01 -3.334218e-01 0.000000e+00
		vertex 2.051787e-01 -3.334218e-01 0.000000e+00
		vertex 2.051787e-01 -3.334218e-01 0.000000e+00
	endloop
endfacet
facet normal -2.014238e-14 -5.220944e-01 8.528877e-01
	outer loop
		vertex 2.056189e-01 -3.322582e-01 7.123057e-04
		vertex 2.044698e-01 -3.315480e-01 1.147064e-03
		vertex 2.051787e-01 -3.334218e-01 2.396436e-17
	endloop
endfacet
facet normal 0.000000e+00 0.000000e+00 0.000000e+00
	outer loop
		vertex 2.056189e-01 -3.322582e-01 7.123057e-04
		vertex 2.044698e-01 -3.315480e-01 1.147064e-03
		vertex 2.044698e-01 -3.315480e-01 1.147064e-03
	endloop
endfacet
facet normal -9.436208e-01 -3.310283e-01 0.000000e+00
	outer loop
		vertex 2.045344e-01 -3.315879e-01 1.042525e-03
		vertex 2.051787e-01 -3.334218e-01 0.000000e+00
		vertex 2.051787e-01 -3.334218e-01 2.860014e-17
	endloop
endfacet
facet normal -9.433791e-01 -3.317166e-01 0.000000e+00
	outer loop
		vertex 2.051787e-01 -3.334218e-01 2.860014e-17
		vertex 2.045344e-01 -3.315879e-01 1.042525e-03
		vertex 2.045344e-01 -3.315879e-01 1.042525e-03
	endloop
endfacet
facet normal -9.436208e-01 -3.310283e-01 0.000000e+00
	outer loop
		vertex 2.045344e-01 -3.315879e-01 1.042525e-03
		vertex 2.051787e-01 -3.334218e-01 0.000000e+00
		vertex 2.051787e-01 -3.334218e-01 2.860014e-17
	endloop
endfacet
facet normal -9.433791e-01 -3.317166e-01 0.000000e+00
	outer loop
		vertex 2.051787e-01 -3.334218e-01 2.860014e-17
		vertex 2.045344e-01 -3.315879e-01 1.042525e-03
		vertex 2.045344e-01 -3.315879e-01 1.042525e-03
	endloop
endfacet
facet normal -5.257311e-01 -8.506508e-01 0.000000e+00
	outer loop
		vertex 2.045344e-01 -3.315879e-01 1.042525e-03
		vertex 2.045344e-01 -3.315879e-01 1.042525e-03
		vertex 2.044698e-01 -3.315480e-01 1.147064e-03
	endloop
endfacet
facet normal 0.000000e+00 0.000000e+00 0.000000e+00
	outer loop
		vertex 2.045344e-01 -3.315879e-01 1.042525e-03
		vertex 2.045344e-01 -3.315879e-01 1.042525e-03
		vertex 2.051787e-01 -3.334218e-01 2.860014e-17
	endloop
endfacet
facet normal 0.000000e+00 0.000000e+00 0.000000e+00
	outer loop
		vertex 2.045344e-01 -3.315879e-01 1.042525e-03
		vertex 2.045344e-01 -3.315879e-01 1.042525e-03
		vertex 2.044698e-01 -3.315480e-01 1.147064e-03
	endloop
endfacet
facet normal -9.436208e-01 -3.310283e-01 0.000000e+00
	outer loop
		vertex 2.045344e-01 -3.315879e-01 1.042525e-03
		vertex 2.051787e-01 -3.334218e-01 0.000000e+00
		vertex 2.051787e-01 -3.334218e-01 2.860014e-17
	endloop
endfacet
facet normal -9.431330e-01 -3.324157e-01 0.000000e+00
	outer loop
		vertex 2.051787e-01 -3.334218e-01 2.860014e-17
		vertex 2.045344e-01 -3.315879e-01 1.042525e-03
		vertex 2.045344e-01 -3.315879e-01 1.042525e-03
	endloop
endfacet
facet normal -9.436208e-01 -3.310283e-01 0.000000e+00
	outer loop
		vertex 2.045344e-01 -3.315879e-01 1.042525e-03
		vertex 2.051787e-01 -3.334218e-01 0.000000e+00
		vertex 2.051787e-01 -3.334218e-01 2.860014e-17
	endloop
endfacet
facet normal -9.431330e-01 -3.324157e-01 0.000000e+00
	outer loop
		vertex 2.051787e-01 -3.334218e-01 2.860014e-17
		vertex 2.045344e-01 -3.315879e-01 1.042525e-03
		vertex 2.045344e-01 -3.315879e-01 1.042525e-03
	endloop
endfacet
facet normal -5.257311e-01 -8.506508e-01 0.000000e+00
	outer loop
		vertex 2.045344e-01 -3.315879e-01 1.042525e-03
		vertex 2.045344e-01 -3.315879e-01 1.042525e-03
		vertex 2.044698e-01 -3.315480e-01 1.147064e-03
	endloop
endfacet
facet normal 0.000000e+00 0.000000e+00 0.000000e+00
	outer loop
		vertex 2.045344e-01 -3.315879e-01 1.042525e-03
		vertex 2.045344e-01 -3.315879e-01 1.042525e-03
		vertex 2.051787e-01 -3.334218e-01 2.860014e-17
	endloop
endfacet
facet normal 0.000000e+00 0.000000e+00 0.000000e+00
	outer loop
		vertex 2.045344e-01 -3.315879e-01 1.042525e-03
		vertex 2.045344e-01 -3.315879e-01 1.042525e-03
		vertex 2.044698e-01 -3.315480e-01 1.147064e-03
	endloop
endfacet
facet normal 9.188197e-02 5.159526e-01 -8.516752e-01
	outer loop
		vertex 2.045344e-01 -3.315879e-01 1.042525e-03
		vertex 2.051787e-01 -3.334218e-01 2.963561e-18
		vertex 2.051787e-01 -3.334218e-01 0.000000e+00
	endloop
endfacet
facet normal 9.188197e-02 5.159526e-01 -8.516752e-01
	outer loop
		vertex 2.051787e-01 -3.334218e-01 0.000000e+00
		vertex 2.045344e-01 -3.315879e-01 1.042525e-03
		vertex 2.045344e-01 -3.315879e-01 1.042525e-03
	endloop
endfacet
facet normal 9.215919e-02 5.175093e-01 -8.507002e-01
	outer loop
		vertex 2.045344e-01 -3.315879e-01 1.042525e-03
		vertex 2.051787e-01 -3.334218e-01 2.963561e-18
		vertex 2.051787e-01 -3.334218e-01 0.000000e+00
	endloop
endfacet
facet normal 9.188197e-02 5.159526e-01 -8.516752e-01
	outer loop
		vertex 2.051787e-01 -3.334218e-01 0.000000e+00
		vertex 2.045344e-01 -3.315879e-01 1.042525e-03
		vertex 2.045344e-01 -3.315879e-01 1.042525e-03
	endloop
endfacet
facet normal 3.682009e-02 9.409130e-01 -3.366408e-01
	outer loop
		vertex 2.045344e-01 -3.315879e-01 1.042525e-03
		vertex 2.045344e-01 -3.315879e-01 1.042525e-03
		vertex 2.044698e-01 -3.315480e-01 1.147064e-03
	endloop
endfacet
facet normal 0.000000e+00 0.000000e+00 0.000000e+00
	outer loop
		vertex 2.045344e-01 -3.315879e-01 1.042525e-03
		vertex 2.045344e-01 -3.315879e-01 1.042525e-03
		vertex 2.051787e-01 -3.334218e-01 0.000000e+00
	endloop
endfacet
facet normal 0.000000e+00 0.000000e+00 0.000000e+00
	outer loop
		vertex 2.045344e-01 -3.315879e-01 1.042525e-03
		vertex 2.045344e-01 -3.315879e-01 1.042525e-03
		vertex 2.044698e-01 -3.315480e-01 1.147064e-03
	endloop
endfacet
facet normal 9.188197e-02 5.159526e-01 -8.516752e-01
	outer loop
		vertex 2.045344e-01 -3.315879e-01 1.042525e-03
		vertex 2.051787e-01 -3.334218e-01 2.963561e-18
		vertex 2.051787e-01 -3.334218e-01 0.000000e+00
	endloop
endfacet
facet normal 9.188197e-02 5.159526e-01 -8.516752e-01
	outer loop
		vertex 2.051787e-01 -3.334218e-01 0.000000e+00
		vertex 2.045344e-01 -3.315879e-01 1.042525e-03
		vertex 2.045344e-01 -3.315879e-01 1.042525e-03
	endloop
endfacet
facet normal 9.215919e-02 5.175093e-01 -8.507002e-01
	outer loop
		vertex 2.045344e-01 -3.315879e-01 1.042525e-03
		vertex 2.051787e-01 -3.334218e-01 2.963561e-18
		vertex 2.051787e-01 -3.334218e-01 0.000000e+00
	endloop
endfacet
facet normal 9.188197e-02 5.159526e-01 -8.516752e-01
	outer loop
		vertex 2.051787e-01 -3.334218e-01 0.000000e+00
		vertex 2.045344e-01 -3.315879e-01 1.042525e-03
		vertex 2.045344e-01 -3.315879e-01 1.042525e-03
	endloop
endfacet
facet normal 3.682009e-02 9.409130e-01 -3.366408e-01
	outer loop
		vertex 2.045344e-01 -3.315879e-01 1.042525e-03
		vertex 2.045344e-01 -3.315879e-01 1.042525e-03
		vertex 2.044698e-01 -3.315480e-01 1.147064e-03
	endloop
endfacet
facet normal 0.000000e+00 0.000000e+00 0.000000e+00
	outer loop
		vertex 2.045344e-01 -3.315879e-01 1.042525e-03
		vertex 2.045344e-01 -3.315879e-01 1.042525e-03
		vertex 2.051787e-01 -3.334218e-01 0.000000e+00
	endloop
endfacet
facet normal 0.000000e+00 0.000000e+00 0.000000e+00
	outer loop
		vertex 2.045344e-01 -3.315879e-01 1.042525e-03
		vertex 2.045344e-01 -3.315879e-01 1.042525e-03
		vertex 2.044698e-01 -3.315480e-01 1.147064e-03
	endloop
endfacet
facet normal 6.139888e-01 5.424969e-01 -5.733366e-01
	outer loop
		vertex 2.045344e-01 -3.315879e-01 1.042525e-03
		vertex 2.051787e-01 -3.334218e-01 8.515658e-17
		vertex 2.051787e-01 -3.334218e-01 2.963561e-18
	endloop
endfacet
facet normal 7.055746e-01 5.207079e-01 -4.806535e-01
	outer loop
		vertex 2.051787e-01 -3.334218e-01 2.963561e-18
		vertex 2.045344e-01 -3.315879e-01 1.042525e-03
		vertex 2.045344e-01 -3.315879e-01 1.042525e-03
	endloop
endfacet
facet normal 6.139888e-01 5.424969e-01 -5.733366e-01
	outer loop
		vertex 2.045344e-01 -3.315879e-01 1.042525e-03
		vertex 2.051787e-01 -3.334218e-01 8.515658e-17
		vertex 2.051787e-01 -3.334218e-01 2.963561e-18
	endloop
endfacet
facet normal 7.055746e-01 5.207079e-01 -4.806535e-01
	outer loop
		vertex 2.051787e-01 -3.334218e-01 2.963561e-18
		vertex 2.045344e-01 -3.315879e-01 1.042525e-03
		vertex 2.045344e-01 -3.315879e-01 1.042525e-03
	endloop
endfacet
facet normal 6.732342e-01 7.263130e-01 1.386547e-01
	outer loop
		vertex 2.045344e-01 -3.315879e-01 1.042525e-03
		vertex 2.045344e-01 -3.315879e-01 1.042525e-03
		vertex 2.044698e-01 -3.315480e-01 1.147064e-03
	endloop
endfacet
facet normal 0.000000e+00 0.000000e+00 0.000000e+00
	outer loop
		vertex 2.045344e-01 -3.315879e-01 1.042525e-03
		vertex 2.045344e-01 -3.315879e-01 1.042525e-03
		vertex 2.051787e-01 -3.334218e-01 2.963561e-18
	endloop
endfacet
facet normal 0.000000e+00 0.000000e+00 0.000000e+00
	outer loop
		vertex 2.045344e-01 -3.315879e-01 1.042525e-03
		vertex 2.045344e-01 -3.315879e-01 1.042525e-03
		vertex 2.044698e-01 -3.315480e-01 1.147064e-03
	endloop
endfacet
facet normal 6.139888e-01 5.424969e-01 -5.733366e-01
	outer loop
		vertex 2.045344e-01 -3.315879e-01 1.042525e-03
		vertex 2.051787e-01 -3.334218e-01 8.515658e-17
		vertex 2.051787e-01 -3.334218e-01 2.963561e-18
	endloop
endfacet
facet normal 7.068344e-01 5.201379e-01 -4.794181e-01
	outer loop
		vertex 2.051787e-01 -3.334218e-01 2.963561e-18
		vertex 2.045344e-01 -3.315879e-01 1.042525e-03
		vertex 2.045344e-01 -3.315879e-01 1.042525e-03
	endloop
endfacet
facet normal 6.139888e-01 5.424969e-01 -5.733366e-01
	outer loop
		vertex 2.045344e-01 -3.315879e-01 1.042525e-03
		vertex 2.051787e-01 -3.334218e-01 8.515658e-17
		vertex 2.051787e-01 -3.334218e-01 2.963561e-18
	endloop
endfacet
facet normal 7.068344e-01 5.201379e-01 -4.794181e-01
	outer loop
		vertex 2.051787e-01 -3.334218e-01 2.963561e-18
		vertex 2.045344e-01 -3.315879e-01 1.042525e-03
		vertex 2.045344e-01 -3.315879e-01 1.042525e-03
	endloop
endfacet
facet normal 6.730203e-01 7.265540e-01 1.384305e-01
	outer loop
		vertex 2.045344e-01 -3.315879e-01 1.042525e-03
		vertex 2.045344e-01 -3.315879e-01 1.042525e-03
		vertex 2.044698e-01 -3.315480e-01 1.147064e-03
	endloop
endfacet
facet normal 0.000000e+00 0.000000e+00 0.000000e+00
	outer loop
		vertex 2.045344e-01 -3.315879e-01 1.042525e-03
		vertex 2.045344e-01 -3.315879e-01 1.042525e-03
		vertex 2.051787e-01 -3.334218e-01 2.963561e-18
	endloop
endfacet
facet normal 0.000000e+00 0.000000e+00 0.000000e+00
	outer loop
		vertex 2.045344e-01 -3.315879e-01 1.042525e-03
		vertex 2.045344e-01 -3.315879e-01 1.042525e-03
		vertex 2.044698e-01 -3.315480e-01 1.147064e-03
	endloop
endfacet
facet normal 4.837394e-01 5.551536e-01 -6.766097e-01
	outer loop
		vertex 2.045344e-01 -3.315879e-01 1.042525e-03
		vertex 2.051787e-01 -3.334218e-01 8.515658e-17
		vertex 2.051787e-01 -3.334218e-01 0.000000e+00
	endloop
endfacet
facet normal 5.514384e-01 5.497364e-01 -6.274597e-01
	outer loop
		vertex 2.051787e-01 -3.334218e-01 0.000000e+00
		vertex 2.045344e-01 -3.315879e-01 1.042525e-03
		vertex 2.045344e-01 -3.315879e-01 1.042525e-03
	endloop
endfacet
facet normal 4.837394e-01 5.551536e-01 -6.766097e-01
	outer loop
		vertex 2.045344e-01 -3.315879e-01 1.042525e-03
		vertex 2.051787e-01 -3.334218e-01 8.515658e-17
		vertex 2.051787e-01 -3.334218e-01 0.000000e+00
	endloop
endfacet
facet normal 5.514384e-01 5.497364e-01 -6.274597e-01
	outer loop
		vertex 2.051787e-01 -3.334218e-01 0.000000e+00
		vertex 2.045344e-01 -3.315879e-01 1.042525e-03
		vertex 2.045344e-01 -3.315879e-01 1.042525e-03
	endloop
endfacet
facet normal 5.502429e-01 8.347347e-01 2.122849e-02
	outer loop
		vertex 2.045344e-01 -3.315879e-01 1.042525e-03
		vertex 2.045344e-01 -3.315879e-01 1.042525e-03
		vertex 2.044698e-01 -3.315480e-01 1.147064e-03
	endloop
endfacet
facet normal 6.603739e-01 -1.821290e-01 7.285158e-01
	outer loop
		vertex 2.045344e-01 -3.315879e-01 1.042525e-03
		vertex 2.045344e-01 -3.315879e-01 1.042525e-03
		vertex 2.051787e-01 -3.334218e-01 0.000000e+00
	endloop
endfacet
facet normal -8.175728e-01 1.396581e-01 -5.586325e-01
	outer loop
		vertex 2.045344e-01 -3.315879e-01 1.042525e-03
		vertex 2.045344e-01 -3.315879e-01 1.042525e-03
		vertex 2.044698e-01 -3.315480e-01 1.147064e-03
	endloop
endfacet
facet normal 4.837394e-01 5.551536e-01 -6.766097e-01
	outer loop
		vertex 2.045344e-01 -3.315879e-01 1.042525e-03
		vertex 2.051787e-01 -3.334218e-01 8.515658e-17
		vertex 2.051787e-01 -3.334218e-01 0.000000e+00
	endloop
endfacet
facet normal 5.514384e-01 5.497364e-01 -6.274597e-01
	outer loop
		vertex 2.051787e-01 -3.334218e-01 0.000000e+00
		vertex 2.045344e-01 -3.315879e-01 1.042525e-03
		vertex 2.045344e-01 -3.315879e-01 1.042525e-03
	endloop
endfacet
facet normal 4.837394e-01 5.551536e-01 -6.766097e-01
	outer loop
		vertex 2.045344e-01 -3.315879e-01 1.042525e-03
		vertex 2.051787e-01 -3.334218e-01 8.515658e-17
		vertex 2.051787e-01 -3.334218e-01 0.000000e+00
	endloop
endfacet
facet normal 5.514384e-01 5.497364e-01 -6.274597e-01
	outer loop
		vertex 2.051787e-01 -3.334218e-01 0.000000e+00
		vertex 2.045344e-01 -3.315879e-01 1.042525e-03
		vertex 2.045344e-01 -3.315879e-01 1.042525e-03
	endloop
endfacet
facet normal 5.502429e-01 8.347347e-01 2.122849e-02
	outer loop
		vertex 2.045344e-01 -3.315879e-01 1.042525e-03
		vertex 2.045344e-01 -3.315879e-01 1.042525e-03
		vertex 2.044698e-01 -3.315480e-01 1.147064e-03
	endloop
endfacet
facet normal 6.603739e-01 -1.821290e-01 7.285158e-01
	outer loop
		vertex 2.045344e-01 -3.315879e-01 1.042525e-03
		vertex 2.045344e-01 -3.315879e-01 1.042525e-03
		vertex 2.051787e-01 -3.334218e-01 0.000000e+00
	endloop
endfacet
facet normal -8.175728e-01 1.396581e-01 -5.586325e-01
	outer loop
		vertex 2.045344e-01 -3.315879e-01 1.042525e-03
		vertex 2.045344e-01 -3.315879e-01 1.042525e-03
		vertex 2.044698e-01 -3.315480e-01 1.147064e-03
	endloop
endfacet
facet normal 6.139888e-01 5.424969e-01 -5.733366e-01
	outer loop
		vertex 2.045344e-01 -3.315879e-01 1.042525e-03
		vertex 2.051787e-01 -3.334218e-01 8.515658e-17
		vertex 2.051787e-01 -3.334218e-01 2.963561e-18
	endloop
endfacet
facet normal 7.055746e-01 5.207079e-01 -4.806535e-01
	outer loop
		vertex 2.051787e-01 -3.334218e-01 2.963561e-18
		vertex 2.045344e-01 -3.315879e-01 1.042525e-03
		vertex 2.045344e-01 -3.315879e-01 1.042525e-03
	endloop
endfacet
facet normal 6.139888e-01 5.424969e-01 -5.733366e-01
	outer loop
		vertex 2.045344e-01 -3.315879e-01 1.042525e-03
		vertex 2.051787e-01 -3.334218e-01 8.515658e-17
		vertex 2.051787e-01 -3.334218e-01 2.963561e-18
	endloop
endfacet
facet normal 7.055746e-01 5.207079e-01 -4.806535e-01
	outer loop
		vertex 2.051787e-01 -3.334218e-01 2.963561e-18
		vertex 2.045344e-01 -3.315879e-01 1.042525e-03
		vertex 2.045344e-01 -3.315879e-01 1.042525e-03
	endloop
endfacet
facet normal 6.732342e-01 7.263130e-01 1.386547e-01
	outer loop
		vertex 2.045344e-01 -3.315879e-01 1.042525e-03
		vertex 2.045344e-01 -3.315879e-01 1.042525e-03
		vertex 2.044698e-01 -3.315480e-01 1.147064e-03
	endloop
endfacet
facet normal 0.000000e+00 0.000000e+00 0.000000e+00
	outer loop
		vertex 2.045344e-01 -3.315879e-01 1.042525e-03
		vertex 2.045344e-01 -3.315879e-01 1.042525e-03
		vertex 2.051787e-01 -3.334218e-01 2.963561e-18
	endloop
endfacet
facet normal 0.000000e+00 0.000000e+00 0.000000e+00
	outer loop
		vertex 2.045344e-01 -3.315879e-01 1.042525e-03
		vertex 2.045344e-01 -3.315879e-01 1.042525e-03
		vertex 2.044698e-01 -3.315480e-01 1.147064e-03
	endloop
endfacet
facet normal 6.139888e-01 5.424969e-01 -5.733366e-01
	outer loop
		vertex 2.045344e-01 -3.315879e-01 1.042525e-03
		vertex 2.051787e-01 -3.334218e-01 8.515658e-17
		vertex 2.051787e-01 -3.334218e-01 2.963561e-18
	endloop
endfacet
facet normal 7.068344e-01 5.201379e-01 -4.794181e-01
	outer loop
		vertex 2.051787e-01 -3.334218e-01 2.963561e-18
		vertex 2.045344e-01 -3.315879e-01 1.042525e-03
		vertex 2.045344e-01 -3.315879e-01 1.042525e-03
	endloop
endfacet
facet normal 6.139888e-01 5.424969e-01 -5.733366e-01
	outer loop
		vertex 2.045344e-01 -3.315879e-01 1.042525e-03
		vertex 2.051787e-01 -3.334218e-01 8.515658e-17
		vertex 2.051787e-01 -3.334218e-01 2.963561e-18
	endloop
endfacet
facet normal 7.068344e-01 5.201379e-01 -4.794181e-01
	outer loop
		vertex 2.051787e-01 -3.334218e-01 2.963561e-18
		vertex 2.045344e-01 -3.315879e-01 1.042525e-03
		vertex 2.045344e-01 -3.315879e-01 1.042525e-03
	endloop
endfacet
facet normal 6.730203e-01 7.265540e-01 1.384305e-01
	outer loop
		vertex 2.045344e-01 -3.315879e-01 1.042525e-03
		vertex 2.045344e-01 -3.315879e-01 1.042525e-03
		vertex 2.044698e-01 -3.315480e-01 1.147064e-03
	endloop
endfacet
facet normal 0.000000e+00 0.000000e+00 0.000000e+00
	outer loop
		vertex 2.045344e-01 -3.315879e-01 1.042525e-03
		vertex 2.045344e-01 -3.315879e-01 1.042525e-03
		vertex 2.051787e-01 -3.334218e-01 2.963561e-18
	endloop
endfacet
facet normal 0.000000e+00 0.000000e+00 0.000000e+00
	outer loop
		vertex 2.045344e-01 -3.315879e-01 1.042525e-03
		vertex 2.045344e-01 -3.315879e-01 1.042525e-03
		vertex 2.044698e-01 -3.315480e-01 1.147064e-03
	endloop
endfacet
facet normal 9.188197e-02 5.159526e-01 -8.516752e-01
	outer loop
		vertex 2.045344e-01 -3.315879e-01 1.042525e-03
		vertex 2.051787e-01 -3.334218e-01 -3.293688e-17
		vertex 2.051787e-01 -3.334218e-01 -3.589014e-17
	endloop
endfacet
facet normal 8.494458e-02 5.149765e-01 -8.529851e-01
	outer loop
		vertex 2.051787e-01 -3.334218e-01 -3.589014e-17
		vertex 2.045344e-01 -3.315879e-01 1.042525e-03
		vertex 2.045344e-01 -3.315879e-01 1.042525e-03
	endloop
endfacet
facet normal 9.215919e-02 5.175093e-01 -8.507002e-01
	outer loop
		vertex 2.045344e-01 -3.315879e-01 1.042525e-03
		vertex 2.051787e-01 -3.334218e-01 -3.293688e-17
		vertex 2.051787e-01 -3.334218e-01 -3.589014e-17
	endloop
endfacet
facet normal 8.494458e-02 5.149765e-01 -8.529851e-01
	outer loop
		vertex 2.051787e-01 -3.334218e-01 -3.589014e-17
		vertex 2.045344e-01 -3.315879e-01 1.042525e-03
		vertex 2.045344e-01 -3.315879e-01 1.042525e-03
	endloop
endfacet
facet normal 3.433072e-02 9.405106e-01 -3.380256e-01
	outer loop
		vertex 2.045344e-01 -3.315879e-01 1.042525e-03
		vertex 2.045344e-01 -3.315879e-01 1.042525e-03
		vertex 2.044698e-01 -3.315480e-01 1.147064e-03
	endloop
endfacet
facet normal 0.000000e+00 0.000000e+00 0.000000e+00
	outer loop
		vertex 2.045344e-01 -3.315879e-01 1.042525e-03
		vertex 2.045344e-01 -3.315879e-01 1.042525e-03
		vertex 2.051787e-01 -3.334218e-01 -3.589014e-17
	endloop
endfacet
facet normal 0.000000e+00 0.000000e+00 0.000000e+00
	outer loop
		vertex 2.045344e-01 -3.315879e-01 1.042525e-03
		vertex 2.045344e-01 -3.315879e-01 1.042525e-03
		vertex 2.044698e-01 -3.315480e-01 1.147064e-03
	endloop
endfacet
facet normal 9.188197e-02 5.159526e-01 -8.516752e-01
	outer loop
		vertex 2.045344e-01 -3.315879e-01 1.042525e-03
		vertex 2.051787e-01 -3.334218e-01 -3.293688e-17
		vertex 2.051787e-01 -3.334218e-01 -3.589014e-17
	endloop
endfacet
facet normal 8.494458e-02 5.149765e-01 -8.529851e-01
	outer loop
		vertex 2.051787e-01 -3.334218e-01 -3.589014e-17
		vertex 2.045344e-01 -3.315879e-01 1.042525e-03
		vertex 2.045344e-01 -3.315879e-01 1.042525e-03
	endloop
endfacet
facet normal 9.215919e-02 5.175093e-01 -8.507002e-01
	outer loop
		vertex 2.045344e-01 -3.315879e-01 1.042525e-03
		vertex 2.051787e-01 -3.334218e-01 -3.293688e-17
		vertex 2.051787e-01 -3.334218e-01 -3.589014e-17
	endloop
endfacet
facet normal 8.494458e-02 5.149765e-01 -8.529851e-01
	outer loop
		vertex 2.051787e-01 -3.334218e-01 -3.589014e-17
		vertex 2.045344e-01 -3.315879e-01 1.042525e-03
		vertex 2.045344e-01 -3.315879e-01 1.042525e-03
	endloop
endfacet
facet normal 3.433072e-02 9.405106e-01 -3.380256e-01
	outer loop
		vertex 2.045344e-01 -3.315879e-01 1.042525e-03
		vertex 2.045344e-01 -3.315879e-01 1.042525e-03
		vertex 2.044698e-01 -3.315480e-01 1.147064e-03
	endloop
endfacet
facet normal 0.000000e+00 0.000000e+00 0.000000e+00
	outer loop
		vertex 2.045344e-01 -3.315879e-01 1.042525e-03
		vertex 2.045344e-01 -3.315879e-01 1.042525e-03
		vertex 2.051787e-01 -3.334218e-01 -3.589014e-17
	endloop
endfacet
facet normal 0.000000e+00 0.000000e+00 0.000000e+00
	outer loop
		vertex 2.045344e-01 -3.315879e-01 1.042525e-03
		vertex 2.045344e-01 -3.315879e-01 1.042525e-03
		vertex 2.044698e-01 -3.315480e-01 1.147064e-03
	endloop
endfacet
facet normal 2.321261e-01 5.411614e-01 -8.082462e-01
	outer loop
		vertex 2.045344e-01 -3.315879e-01 1.042525e-03
		vertex 2.051787e-01 -3.334218e-01 4.913209e-17
		vertex 2.051787e-01 -3.334218e-01 -3.293688e-17
	endloop
endfacet
facet normal 5.928630e-01 5.450017e-01 -5.928630e-01
	outer loop
		vertex 2.051787e-01 -3.334218e-01 -3.293688e-17
		vertex 2.045344e-01 -3.315879e-01 1.042525e-03
		vertex 2.045344e-01 -3.315879e-01 1.042525e-03
	endloop
endfacet
facet normal 2.321261e-01 5.411614e-01 -8.082462e-01
	outer loop
		vertex 2.045344e-01 -3.315879e-01 1.042525e-03
		vertex 2.051787e-01 -3.334218e-01 4.913209e-17
		vertex 2.051787e-01 -3.334218e-01 -3.293688e-17
	endloop
endfacet
facet normal 5.928630e-01 5.450017e-01 -5.928630e-01
	outer loop
		vertex 2.051787e-01 -3.334218e-01 -3.293688e-17
		vertex 2.045344e-01 -3.315879e-01 1.042525e-03
		vertex 2.045344e-01 -3.315879e-01 1.042525e-03
	endloop
endfacet
facet normal 7.900022e-01 5.454889e-01 2.798900e-01
	outer loop
		vertex 2.045344e-01 -3.315879e-01 1.042525e-03
		vertex 2.045344e-01 -3.315879e-01 1.042525e-03
		vertex 2.044698e-01 -3.315480e-01 1.147064e-03
	endloop
endfacet
facet normal 0.000000e+00 0.000000e+00 0.000000e+00
	outer loop
		vertex 2.045344e-01 -3.315879e-01 1.042525e-03
		vertex 2.045344e-01 -3.315879e-01 1.042525e-03
		vertex 2.051787e-01 -3.334218e-01 -3.293688e-17
	endloop
endfacet
facet normal 0.000000e+00 0.000000e+00 0.000000e+00
	outer loop
		vertex 2.045344e-01 -3.315879e-01 1.042525e-03
		vertex 2.045344e-01 -3.315879e-01 1.042525e-03
		vertex 2.044698e-01 -3.315480e-01 1.147064e-03
	endloop
endfacet
facet normal 2.322139e-01 5.406667e-01 -8.085520e-01
	outer loop
		vertex 2.045344e-01 -3.315879e-01 1.042525e-03
		vertex 2.051787e-01 -3.334218e-01 4.913209e-17
		vertex 2.051787e-01 -3.334218e-01 -3.293688e-17
	endloop
endfacet
facet normal 5.911045e-01 5.454564e-01 -5.941993e-01
	outer loop
		vertex 2.051787e-01 -3.334218e-01 -3.293688e-17
		vertex 2.045344e-01 -3.315879e-01 1.042525e-03
		vertex 2.045344e-01 -3.315879e-01 1.042525e-03
	endloop
endfacet
facet normal 2.321261e-01 5.411614e-01 -8.082462e-01
	outer loop
		vertex 2.045344e-01 -3.315879e-01 1.042525e-03
		vertex 2.051787e-01 -3.334218e-01 4.913209e-17
		vertex 2.051787e-01 -3.334218e-01 -3.293688e-17
	endloop
endfacet
facet normal 5.911045e-01 5.454564e-01 -5.941993e-01
	outer loop
		vertex 2.051787e-01 -3.334218e-01 -3.293688e-17
		vertex 2.045344e-01 -3.315879e-01 1.042525e-03
		vertex 2.045344e-01 -3.315879e-01 1.042525e-03
	endloop
endfacet
facet normal 7.902047e-01 5.450439e-01 2.801851e-01
	outer loop
		vertex 2.045344e-01 -3.315879e-01 1.042525e-03
		vertex 2.045344e-01 -3.315879e-01 1.042525e-03
		vertex 2.044698e-01 -3.315480e-01 1.147064e-03
	endloop
endfacet
facet normal 0.000000e+00 0.000000e+00 0.000000e+00
	outer loop
		vertex 2.045344e-01 -3.315879e-01 1.042525e-03
		vertex 2.045344e-01 -3.315879e-01 1.042525e-03
		vertex 2.051787e-01 -3.334218e-01 -3.293688e-17
	endloop
endfacet
facet normal 0.000000e+00 0.000000e+00 0.000000e+00
	outer loop
		vertex 2.045344e-01 -3.315879e-01 1.042525e-03
		vertex 2.045344e-01 -3.315879e-01 1.042525e-03
		vertex 2.044698e-01 -3.315480e-01 1.147064e-03
	endloop
endfacet
facet normal 1.928522e-01 5.348636e-01 -8.226353e-01
	outer loop
		vertex 2.045344e-01 -3.315879e-01 1.042525e-03
		vertex 2.051787e-01 -3.334218e-01 4.913209e-17
		vertex 2.051787e-01 -3.334218e-01 -3.589014e-17
	endloop
endfacet
facet normal 4.564082e-01 5.560388e-01 -6.946311e-01
	outer loop
		vertex 2.051787e-01 -3.334218e-01 -3.589014e-17
		vertex 2.045344e-01 -3.315879e-01 1.042525e-03
		vertex 2.045344e-01 -3.315879e-01 1.042525e-03
	endloop
endfacet
facet normal 1.930117e-01 5.353059e-01 -8.223102e-01
	outer loop
		vertex 2.045344e-01 -3.315879e-01 1.042525e-03
		vertex 2.051787e-01 -3.334218e-01 4.913209e-17
		vertex 2.051787e-01 -3.334218e-01 -3.589014e-17
	endloop
endfacet
facet normal 4.564082e-01 5.560388e-01 -6.946311e-01
	outer loop
		vertex 2.051787e-01 -3.334218e-01 -3.589014e-17
		vertex 2.045344e-01 -3.315879e-01 1.042525e-03
		vertex 2.045344e-01 -3.315879e-01 1.042525e-03
	endloop
endfacet
facet normal 7.082938e-01 6.834458e-01 1.766966e-01
	outer loop
		vertex 2.045344e-01 -3.315879e-01 1.042525e-03
		vertex 2.045344e-01 -3.315879e-01 1.042525e-03
		vertex 2.044698e-01 -3.315480e-01 1.147064e-03
	endloop
endfacet
facet normal 0.000000e+00 0.000000e+00 0.000000e+00
	outer loop
		vertex 2.045344e-01 -3.315879e-01 1.042525e-03
		vertex 2.045344e-01 -3.315879e-01 1.042525e-03
		vertex 2.051787e-01 -3.334218e-01 -3.589014e-17
	endloop
endfacet
facet normal 0.000000e+00 0.000000e+00 0.000000e+00
	outer loop
		vertex 2.045344e-01 -3.315879e-01 1.042525e-03
		vertex 2.045344e-01 -3.315879e-01 1.042525e-03
		vertex 2.044698e-01 -3.315480e-01 1.147064e-03
	endloop
endfacet
facet normal 1.928522e-01 5.348636e-01 -8.226353e-01
	outer loop
		vertex 2.045344e-01 -3.315879e-01 1.042525e-03
		vertex 2.051787e-01 -3.334218e-01 4.913209e-17
		vertex 2.051787e-01 -3.334218e-01 -3.589014e-17
	endloop
endfacet
facet normal 4.580266e-01 5.558576e-01 -6.937103e-01
	outer loop
		vertex 2.051787e-01 -3.334218e-01 -3.589014e-17
		vertex 2.045344e-01 -3.315879e-01 1.042525e-03
		vertex 2.045344e-01 -3.315879e-01 1.042525e-03
	endloop
endfacet
facet normal 1.930117e-01 5.353059e-01 -8.223102e-01
	outer loop
		vertex 2.045344e-01 -3.315879e-01 1.042525e-03
		vertex 2.051787e-01 -3.334218e-01 4.913209e-17
		vertex 2.051787e-01 -3.334218e-01 -3.589014e-17
	endloop
endfacet
facet normal 4.580266e-01 5.558576e-01 -6.937103e-01
	outer loop
		vertex 2.051787e-01 -3.334218e-01 -3.589014e-17
		vertex 2.045344e-01 -3.315879e-01 1.042525e-03
		vertex 2.045344e-01 -3.315879e-01 1.042525e-03
	endloop
endfacet
facet normal 7.081348e-01 6.836568e-01 1.765177e-01
	outer loop
		vertex 2.045344e-01 -3.315879e-01 1.042525e-03
		vertex 2.045344e-01 -3.315879e-01 1.042525e-03
		vertex 2.044698e-01 -3.315480e-01 1.147064e-03
	endloop
endfacet
facet normal 0.000000e+00 0.000000e+00 0.000000e+00
	outer loop
		vertex 2.045344e-01 -3.315879e-01 1.042525e-03
		vertex 2.045344e-01 -3.315879e-01 1.042525e-03
		vertex 2.051787e-01 -3.334218e-01 -3.589014e-17
	endloop
endfacet
facet normal 0.000000e+00 0.000000e+00 0.000000e+00
	outer loop
		vertex 2.045344e-01 -3.315879e-01 1.042525e-03
		vertex 2.045344e-01 -3.315879e-01 1.042525e-03
		vertex 2.044698e-01 -3.315480e-01 1.147064e-03
	endloop
endfacet
facet normal 2.321261e-01 5.411614e-01 -8.082462e-01
	outer loop
		vertex 2.045344e-01 -3.315879e-01 1.042525e-03
		vertex 2.051787e-01 -3.334218e-01 4.913209e-17
		vertex 2.051787e-01 -3.334218e-01 -3.293688e-17
	endloop
endfacet
facet normal 5.928630e-01 5.450017e-01 -5.928630e-01
	outer loop
		vertex 2.051787e-01 -3.334218e-01 -3.293688e-17
		vertex 2.045344e-01 -3.315879e-01 1.042525e-03
		vertex 2.045344e-01 -3.315879e-01 1.042525e-03
	endloop
endfacet
facet normal 2.321261e-01 5.411614e-01 -8.082462e-01
	outer loop
		vertex 2.045344e-01 -3.315879e-01 1.042525e-03
		vertex 2.051787e-01 -3.334218e-01 4.913209e-17
		vertex 2.051787e-01 -3.334218e-01 -3.293688e-17
	endloop
endfacet
facet normal 5.928630e-01 5.450017e-01 -5.928630e-01
	outer loop
		vertex 2.051787e-01 -3.334218e-01 -3.293688e-17
		vertex 2.045344e-01 -3.315879e-01 1.042525e-03
		vertex 2.045344e-01 -3.315879e-01 1.042525e-03
	endloop
endfacet
facet normal 7.900022e-01 5.454889e-01 2.798900e-01
	outer loop
		vertex 2.045344e-01 -3.315879e-01 1.042525e-03
		vertex 2.045344e-01 -3.315879e-01 1.042525e-03
		vertex 2.044698e-01 -3.315480e-01 1.147064e-03
	endloop
endfacet
facet normal 0.000000e+00 0.000000e+00 0.000000e+00
	outer loop
		vertex 2.045344e-01 -3.315879e-01 1.042525e-03
		vertex 2.045344e-01 -3.315879e-01 1.042525e-03
		vertex 2.051787e-01 -3.334218e-01 -3.293688e-17
	endloop
endfacet
facet normal 0.000000e+00 0.000000e+00 0.000000e+00
	outer loop
		vertex 2.045344e-01 -3.315879e-01 1.042525e-03
		vertex 2.045344e-01 -3.315879e-01 1.042525e-03
		vertex 2.044698e-01 -3.315480e-01 1.147064e-03
	endloop
endfacet
facet normal 2.322139e-01 5.406667e-01 -8.085520e-01
	outer loop
		vertex 2.045344e-01 -3.315879e-01 1.042525e-03
		vertex 2.051787e-01 -3.334218e-01 4.913209e-17
		vertex 2.051787e-01 -3.334218e-01 -3.293688e-17
	endloop
endfacet
facet normal 5.911045e-01 5.454564e-01 -5.941993e-01
	outer loop
		vertex 2.051787e-01 -3.334218e-01 -3.293688e-17
		vertex 2.045344e-01 -3.315879e-01 1.042525e-03
		vertex 2.045344e-01 -3.315879e-01 1.042525e-03
	endloop
endfacet
facet normal 2.321261e-01 5.411614e-01 -8.082462e-01
	outer loop
		vertex 2.045344e-01 -3.315879e-01 1.042525e-03
		vertex 2.051787e-01 -3.334218e-01 4.913209e-17
		vertex 2.051787e-01 -3.334218e-01 -3.293688e-17
	endloop
endfacet
facet normal 5.911045e-01 5.454564e-01 -5.941993e-01
	outer loop
		vertex 2.051787e-01 -3.334218e-01 -3.293688e-17
		vertex 2.045344e-01 -3.315879e-01 1.042525e-03
		vertex 2.045344e-01 -3.315879e-01 1.042525e-03
	endloop
endfacet
facet normal 7.902047e-01 5.450439e-01 2.801851e-01
	outer loop
		vertex 2.045344e-01 -3.315879e-01 1.042525e-03
		vertex 2.045344e-01 -3.315879e-01 1.042525e-03
		vertex 2.044698e-01 -3.315480e-01 1.147064e-03
	endloop
endfacet
facet normal 0.000000e+00 0.000000e+00 0.000000e+00
	outer loop
		vertex 2.045344e-01 -3.315879e-01 1.042525e-03
		vertex 2.045344e-01 -3.315879e-01 1.042525e-03
		vertex 2.051787e-01 -3.334218e-01 -3.293688e-17
	endloop
endfacet
facet normal 0.000000e+00 0.000000e+00 0.000000e+00
	outer loop
		vertex 2.045344e-01 -3.315879e-01 1.042525e-03
		vertex 2.045344e-01 -3.315879e-01 1.042525e-03
		vertex 2.044698e-01 -3.315480e-01 1.147064e-03
	endloop
endfacet
facet normal 6.410039e-02 5.092420e-01 -8.582329e-01
	outer loop
		vertex 2.045344e-01 -3.315879e-01 1.042525e-03
		vertex 2.051787e-01 -3.334218e-01 2.206404e-18
		vertex 2.051787e-01 -3.334218e-01 0.000000e+00
	endloop
endfacet
facet normal 6.410039e-02 5.092420e-01 -8.582329e-01
	outer loop
		vertex 2.051787e-01 -3.334218e-01 0.000000e+00
		vertex 2.045344e-01 -3.315879e-01 1.042525e-03
		vertex 2.045344e-01 -3.315879e-01 1.042525e-03
	endloop
endfacet
facet normal 6.423811e-02 5.121205e-01 -8.565081e-01
	outer loop
		vertex 2.045344e-01 -3.315879e-01 1.042525e-03
		vertex 2.051787e-01 -3.334218e-01 2.206404e-18
		vertex 2.051787e-01 -3.334218e-01 0.000000e+00
	endloop
endfacet
facet normal 6.410039e-02 5.092420e-01 -8.582329e-01
	outer loop
		vertex 2.051787e-01 -3.334218e-01 0.000000e+00
		vertex 2.045344e-01 -3.315879e-01 1.042525e-03
		vertex 2.045344e-01 -3.315879e-01 1.042525e-03
	endloop
endfacet
facet normal 2.673685e-02 9.392351e-01 -3.422317e-01
	outer loop
		vertex 2.045344e-01 -3.315879e-01 1.042525e-03
		vertex 2.045344e-01 -3.315879e-01 1.042525e-03
		vertex 2.044698e-01 -3.315480e-01 1.147064e-03
	endloop
endfacet
facet normal 0.000000e+00 0.000000e+00 0.000000e+00
	outer loop
		vertex 2.045344e-01 -3.315879e-01 1.042525e-03
		vertex 2.045344e-01 -3.315879e-01 1.042525e-03
		vertex 2.051787e-01 -3.334218e-01 0.000000e+00
	endloop
endfacet
facet normal 0.000000e+00 0.000000e+00 0.000000e+00
	outer loop
		vertex 2.045344e-01 -3.315879e-01 1.042525e-03
		vertex 2.045344e-01 -3.315879e-01 1.042525e-03
		vertex 2.044698e-01 -3.315480e-01 1.147064e-03
	endloop
endfacet
facet normal 6.410039e-02 5.092420e-01 -8.582329e-01
	outer loop
		vertex 2.045344e-01 -3.315879e-01 1.042525e-03
		vertex 2.051787e-01 -3.334218e-01 2.206404e-18
		vertex 2.051787e-01 -3.334218e-01 0.000000e+00
	endloop
endfacet
facet normal 6.410039e-02 5.092420e-01 -8.582329e-01
	outer loop
		vertex 2.051787e-01 -3.334218e-01 0.000000e+00
		vertex 2.045344e-01 -3.315879e-01 1.042525e-03
		vertex 2.045344e-01 -3.315879e-01 1.042525e-03
	endloop
endfacet
facet normal 6.423811e-02 5.121205e-01 -8.565081e-01
	outer loop
		vertex 2.045344e-01 -3.315879e-01 1.042525e-03
		vertex 2.051787e-01 -3.334218e-01 2.206404e-18
		vertex 2.051787e-01 -3.334218e-01 0.000000e+00
	endloop
endfacet
facet normal 6.410039e-02 5.092420e-01 -8.582329e-01
	outer loop
		vertex 2.051787e-01 -3.334218e-01 0.000000e+00
		vertex 2.045344e-01 -3.315879e-01 1.042525e-03
		vertex 2.045344e-01 -3.315879e-01 1.042525e-03
	endloop
endfacet
facet normal 2.673685e-02 9.392351e-01 -3.422317e-01
	outer loop
		vertex 2.045344e-01 -3.315879e-01 1.042525e-03
		vertex 2.045344e-01 -3.315879e-01 1.042525e-03
		vertex 2.044698e-01 -3.315480e-01 1.147064e-03
	endloop
endfacet
facet normal 0.000000e+00 0.000000e+00 0.000000e+00
	outer loop
		vertex 2.045344e-01 -3.315879e-01 1.042525e-03
		vertex 2.045344e-01 -3.315879e-01 1.042525e-03
		vertex 2.051787e-01 -3.334218e-01 0.000000e+00
	endloop
endfacet
facet normal 0.000000e+00 0.000000e+00 0.000000e+00
	outer loop
		vertex 2.045344e-01 -3.315879e-01 1.042525e-03
		vertex 2.045344e-01 -3.315879e-01 1.042525e-03
		vertex 2.044698e-01 -3.315480e-01 1.147064e-03
	endloop
endfacet
facet normal 1.639921e-01 5.308166e-01 -8.314688e-01
	outer loop
		vertex 2.045344e-01 -3.315879e-01 1.042525e-03
		vertex 2.051787e-01 -3.334218e-01 7.843898e-17
		vertex 2.051787e-01 -3.334218e-01 2.206404e-18
	endloop
endfacet
facet normal 5.479297e-01 5.503904e-01 -6.299551e-01
	outer loop
		vertex 2.051787e-01 -3.334218e-01 2.206404e-18
		vertex 2.045344e-01 -3.315879e-01 1.042525e-03
		vertex 2.045344e-01 -3.315879e-01 1.042525e-03
	endloop
endfacet
facet normal 1.639921e-01 5.308166e-01 -8.314688e-01
	outer loop
		vertex 2.045344e-01 -3.315879e-01 1.042525e-03
		vertex 2.051787e-01 -3.334218e-01 7.843898e-17
		vertex 2.051787e-01 -3.334218e-01 2.206404e-18
	endloop
endfacet
facet normal 5.479297e-01 5.503904e-01 -6.299551e-01
	outer loop
		vertex 2.051787e-01 -3.334218e-01 2.206404e-18
		vertex 2.045344e-01 -3.315879e-01 1.042525e-03
		vertex 2.045344e-01 -3.315879e-01 1.042525e-03
	endloop
endfacet
facet normal 7.955268e-01 5.330722e-01 2.880471e-01
	outer loop
		vertex 2.045344e-01 -3.315879e-01 1.042525e-03
		vertex 2.045344e-01 -3.315879e-01 1.042525e-03
		vertex 2.044698e-01 -3.315480e-01 1.147064e-03
	endloop
endfacet
facet normal 0.000000e+00 0.000000e+00 0.000000e+00
	outer loop
		vertex 2.045344e-01 -3.315879e-01 1.042525e-03
		vertex 2.045344e-01 -3.315879e-01 1.042525e-03
		vertex 2.051787e-01 -3.334218e-01 2.206404e-18
	endloop
endfacet
facet normal 0.000000e+00 0.000000e+00 0.000000e+00
	outer loop
		vertex 2.045344e-01 -3.315879e-01 1.042525e-03
		vertex 2.045344e-01 -3.315879e-01 1.042525e-03
		vertex 2.044698e-01 -3.315480e-01 1.147064e-03
	endloop
endfacet
facet normal 1.639921e-01 5.308166e-01 -8.314688e-01
	outer loop
		vertex 2.045344e-01 -3.315879e-01 1.042525e-03
		vertex 2.051787e-01 -3.334218e-01 7.843898e-17
		vertex 2.051787e-01 -3.334218e-01 2.206404e-18
	endloop
endfacet
facet normal 5.479297e-01 5.503904e-01 -6.299551e-01
	outer loop
		vertex 2.051787e-01 -3.334218e-01 2.206404e-18
		vertex 2.045344e-01 -3.315879e-01 1.042525e-03
		vertex 2.045344e-01 -3.315879e-01 1.042525e-03
	endloop
endfacet
facet normal 1.639921e-01 5.308166e-01 -8.314688e-01
	outer loop
		vertex 2.045344e-01 -3.315879e-01 1.042525e-03
		vertex 2.051787e-01 -3.334218e-01 7.843898e-17
		vertex 2.051787e-01 -3.334218e-01 2.206404e-18
	endloop
endfacet
facet normal 5.479297e-01 5.503904e-01 -6.299551e-01
	outer loop
		vertex 2.051787e-01 -3.334218e-01 2.206404e-18
		vertex 2.045344e-01 -3.315879e-01 1.042525e-03
		vertex 2.045344e-01 -3.315879e-01 1.042525e-03
	endloop
endfacet
facet normal 7.955268e-01 5.330722e-01 2.880471e-01
	outer loop
		vertex 2.045344e-01 -3.315879e-01 1.042525e-03
		vertex 2.045344e-01 -3.315879e-01 1.042525e-03
		vertex 2.044698e-01 -3.315480e-01 1.147064e-03
	endloop
endfacet
facet normal 0.000000e+00 0.000000e+00 0.000000e+00
	outer loop
		vertex 2.045344e-01 -3.315879e-01 1.042525e-03
		vertex 2.045344e-01 -3.315879e-01 1.042525e-03
		vertex 2.051787e-01 -3.334218e-01 2.206404e-18
	endloop
endfacet
facet normal 0.000000e+00 0.000000e+00 0.000000e+00
	outer loop
		vertex 2.045344e-01 -3.315879e-01 1.042525e-03
		vertex 2.045344e-01 -3.315879e-01 1.042525e-03
		vertex 2.044698e-01 -3.315480e-01 1.147064e-03
	endloop
endfacet
facet normal 1.374188e-01 5.250630e-01 -8.398958e-01
	outer loop
		vertex 2.045344e-01 -3.315879e-01 1.042525e-03
		vertex 2.051787e-01 -3.334218e-01 7.843898e-17
		vertex 2.051787e-01 -3.334218e-01 0.000000e+00
	endloop
endfacet
facet normal 4.102402e-01 5.556784e-01 -7.231352e-01
	outer loop
		vertex 2.051787e-01 -3.334218e-01 0.000000e+00
		vertex 2.045344e-01 -3.315879e-01 1.042525e-03
		vertex 2.045344e-01 -3.315879e-01 1.042525e-03
	endloop
endfacet
facet normal 1.375373e-01 5.255156e-01 -8.395933e-01
	outer loop
		vertex 2.045344e-01 -3.315879e-01 1.042525e-03
		vertex 2.051787e-01 -3.334218e-01 7.843898e-17
		vertex 2.051787e-01 -3.334218e-01 0.000000e+00
	endloop
endfacet
facet normal 4.102402e-01 5.556784e-01 -7.231352e-01
	outer loop
		vertex 2.051787e-01 -3.334218e-01 0.000000e+00
		vertex 2.045344e-01 -3.315879e-01 1.042525e-03
