solid MIKE666
facet normal 8.506508e-01 -0.000000e+00 5.257311e-01
	outer loop
		vertex -3.974107e-01 -4.043465e-02 -9.750100e-01
		vertex -3.974107e-01 -4.043462e-02 -9.750100e-01
		vertex -4.311887e-01 -6.131058e-02 -9.203561e-01
	endloop
endfacet
facet normal 8.506508e-01 8.984494e-17 -5.257311e-01
	outer loop
		vertex -3.662654e-01 -2.118576e-02 -2.606437e-01
		vertex -3.525165e-01 -5.602185e-02 -2.383976e-01
		vertex -4.059965e-01 -1.973803e-01 -3.249300e-01
	endloop
endfacet
facet normal 8.506508e-01 0.000000e+00 -5.257311e-01
	outer loop
		vertex -4.059965e-01 -1.973803e-01 -3.249300e-01
		vertex -4.392501e-01 -6.629282e-02 -3.787355e-01
		vertex -3.662654e-01 -2.118576e-02 -2.606437e-01
	endloop
endfacet
facet normal -8.506508e-01 -3.235267e-09 5.257311e-01
	outer loop
		vertex -4.392501e-01 -6.629282e-02 -3.787355e-01
		vertex -4.392501e-01 -6.629282e-02 -3.787355e-01
		vertex -4.059965e-01 -1.973803e-01 -3.249300e-01
	endloop
endfacet
facet normal 8.506508e-01 -1.048191e-16 -5.257311e-01
	outer loop
		vertex -3.662654e-01 -2.118576e-02 -2.606437e-01
		vertex -3.525165e-01 -5.602185e-02 -2.383976e-01
		vertex -4.059965e-01 -1.973803e-01 -3.249300e-01
	endloop
endfacet
facet normal 8.506508e-01 -4.120214e-17 -5.257311e-01
	outer loop
		vertex -4.059965e-01 -1.973803e-01 -3.249300e-01
		vertex -4.392501e-01 -6.629282e-02 -3.787355e-01
		vertex -3.662654e-01 -2.118576e-02 -2.606437e-01
	endloop
endfacet
facet normal -8.506508e-01 -3.235267e-09 5.257311e-01
	outer loop
		vertex -4.392501e-01 -6.629282e-02 -3.787355e-01
		vertex -4.392501e-01 -6.629282e-02 -3.787355e-01
		vertex -4.059965e-01 -1.973803e-01 -3.249300e-01
	endloop
endfacet
facet normal -8.506508e-01 5.910887e-14 5.257311e-01
	outer loop
		vertex -4.401395e-01 -6.684250e-02 -3.801746e-01
		vertex -4.067390e-01 -1.993429e-01 -3.261314e-01
		vertex -4.059965e-01 -1.973803e-01 -3.249300e-01
	endloop
endfacet
facet normal -8.506508e-01 6.677646e-14 5.257311e-01
	outer loop
		vertex -4.059965e-01 -1.973803e-01 -3.249300e-01
		vertex -4.392501e-01 -6.629282e-02 -3.787355e-01
		vertex -4.401395e-01 -6.684250e-02 -3.801746e-01
	endloop
endfacet
facet normal 8.506541e-01 3.052190e-06 -5.257258e-01
	outer loop
		vertex -4.392501e-01 -6.629282e-02 -3.787355e-01
		vertex -4.392501e-01 -6.629282e-02 -3.787355e-01
		vertex -4.059965e-01 -1.973803e-01 -3.249300e-01
	endloop
endfacet
facet normal -8.506508e-01 5.980427e-14 5.257311e-01
	outer loop
		vertex -4.401395e-01 -6.684250e-02 -3.801746e-01
		vertex -4.067390e-01 -1.993429e-01 -3.261314e-01
		vertex -4.059965e-01 -1.973803e-01 -3.249300e-01
	endloop
endfacet
facet normal -8.506508e-01 5.071630e-14 5.257311e-01
	outer loop
		vertex -4.059965e-01 -1.973803e-01 -3.249300e-01
		vertex -4.392501e-01 -6.629282e-02 -3.787355e-01
		vertex -4.401395e-01 -6.684250e-02 -3.801746e-01
	endloop
endfacet
facet normal 8.506541e-01 3.052190e-06 -5.257258e-01
	outer loop
		vertex -4.392501e-01 -6.629282e-02 -3.787355e-01
		vertex -4.392501e-01 -6.629282e-02 -3.787355e-01
		vertex -4.059965e-01 -1.973803e-01 -3.249300e-01
	endloop
endfacet
facet normal 8.637789e-01 0.000000e+00 -5.038710e-01
	outer loop
		vertex -3.662654e-01 -2.118576e-02 -2.606437e-01
		vertex -3.525165e-01 -5.602185e-02 -2.383976e-01
		vertex -3.525165e-01 -5.602185e-02 -2.383976e-01
	endloop
endfacet
facet normal 9.465127e-01 3.155042e-01 -6.760805e-02
	outer loop
		vertex -3.525165e-01 -5.602185e-02 -2.383976e-01
		vertex -3.662654e-01 -2.118576e-02 -2.606437e-01
		vertex -3.662654e-01 -2.118576e-02 -2.606437e-01
	endloop
endfacet
facet normal 8.637789e-01 0.000000e+00 -5.038710e-01
	outer loop
		vertex -3.662654e-01 -2.118576e-02 -2.606437e-01
		vertex -3.525165e-01 -5.602185e-02 -2.383976e-01
		vertex -3.525165e-01 -5.602185e-02 -2.383976e-01
	endloop
endfacet
facet normal 9.465127e-01 3.155042e-01 -6.760805e-02
	outer loop
		vertex -3.525165e-01 -5.602185e-02 -2.383976e-01
		vertex -3.662654e-01 -2.118576e-02 -2.606437e-01
		vertex -3.662654e-01 -2.118576e-02 -2.606437e-01
	endloop
endfacet
facet normal 0.000000e+00 0.000000e+00 0.000000e+00
	outer loop
		vertex -3.662654e-01 -2.118576e-02 -2.606437e-01
		vertex -3.662654e-01 -2.118576e-02 -2.606437e-01
		vertex -3.525165e-01 -5.602185e-02 -2.383976e-01
	endloop
endfacet
facet normal 8.637789e-01 0.000000e+00 -5.038710e-01
	outer loop
		vertex -3.662654e-01 -2.118576e-02 -2.606437e-01
		vertex -3.525165e-01 -5.602185e-02 -2.383976e-01
		vertex -3.525165e-01 -5.602185e-02 -2.383976e-01
	endloop
endfacet
facet normal 9.465127e-01 3.155042e-01 -6.760805e-02
	outer loop
		vertex -3.525165e-01 -5.602185e-02 -2.383976e-01
		vertex -3.662654e-01 -2.118576e-02 -2.606437e-01
		vertex -3.662654e-01 -2.118576e-02 -2.606437e-01
	endloop
endfacet
facet normal 8.637789e-01 0.000000e+00 -5.038710e-01
	outer loop
		vertex -3.662654e-01 -2.118576e-02 -2.606437e-01
		vertex -3.525165e-01 -5.602185e-02 -2.383976e-01
		vertex -3.525165e-01 -5.602185e-02 -2.383976e-01
	endloop
endfacet
facet normal 9.465127e-01 3.155042e-01 -6.760805e-02
	outer loop
		vertex -3.525165e-01 -5.602185e-02 -2.383976e-01
		vertex -3.662654e-01 -2.118576e-02 -2.606437e-01
		vertex -3.662654e-01 -2.118576e-02 -2.606437e-01
	endloop
endfacet
facet normal 0.000000e+00 0.000000e+00 0.000000e+00
	outer loop
		vertex -3.662654e-01 -2.118576e-02 -2.606437e-01
		vertex -3.662654e-01 -2.118576e-02 -2.606437e-01
		vertex -3.525165e-01 -5.602185e-02 -2.383976e-01
	endloop
endfacet
facet normal 0.000000e+00 0.000000e+00 0.000000e+00
	outer loop
		vertex -3.662654e-01 -2.118576e-02 -2.606437e-01
		vertex -3.525165e-01 -5.602185e-02 -2.383976e-01
		vertex -3.525165e-01 -5.602185e-02 -2.383976e-01
	endloop
endfacet
facet normal 0.000000e+00 0.000000e+00 0.000000e+00
	outer loop
		vertex -3.525165e-01 -5.602185e-02 -2.383976e-01
		vertex -3.662654e-01 -2.118576e-02 -2.606437e-01
		vertex -3.662654e-01 -2.118576e-02 -2.606437e-01
	endloop
endfacet
facet normal 0.000000e+00 0.000000e+00 0.000000e+00
	outer loop
		vertex -3.662654e-01 -2.118576e-02 -2.606437e-01
		vertex -3.525165e-01 -5.602185e-02 -2.383976e-01
		vertex -3.525165e-01 -5.602185e-02 -2.383976e-01
	endloop
endfacet
facet normal 0.000000e+00 0.000000e+00 0.000000e+00
	outer loop
		vertex -3.525165e-01 -5.602185e-02 -2.383976e-01
		vertex -3.662654e-01 -2.118576e-02 -2.606437e-01
		vertex -3.662654e-01 -2.118576e-02 -2.606437e-01
	endloop
endfacet
facet normal 0.000000e+00 0.000000e+00 0.000000e+00
	outer loop
		vertex -3.662654e-01 -2.118576e-02 -2.606437e-01
		vertex -3.662654e-01 -2.118576e-02 -2.606437e-01
		vertex -3.525165e-01 -5.602185e-02 -2.383976e-01
	endloop
endfacet
facet normal 0.000000e+00 0.000000e+00 0.000000e+00
	outer loop
		vertex -3.662654e-01 -2.118576e-02 -2.606437e-01
		vertex -3.525165e-01 -5.602185e-02 -2.383976e-01
		vertex -3.525165e-01 -5.602185e-02 -2.383976e-01
	endloop
endfacet
facet normal 0.000000e+00 0.000000e+00 0.000000e+00
	outer loop
		vertex -3.525165e-01 -5.602185e-02 -2.383976e-01
		vertex -3.662654e-01 -2.118576e-02 -2.606437e-01
		vertex -3.662654e-01 -2.118576e-02 -2.606437e-01
	endloop
endfacet
facet normal 0.000000e+00 0.000000e+00 0.000000e+00
	outer loop
		vertex -3.662654e-01 -2.118576e-02 -2.606437e-01
		vertex -3.525165e-01 -5.602185e-02 -2.383976e-01
		vertex -3.525165e-01 -5.602185e-02 -2.383976e-01
	endloop
endfacet
facet normal 0.000000e+00 0.000000e+00 0.000000e+00
	outer loop
		vertex -3.525165e-01 -5.602185e-02 -2.383976e-01
		vertex -3.662654e-01 -2.118576e-02 -2.606437e-01
		vertex -3.662654e-01 -2.118576e-02 -2.606437e-01
	endloop
endfacet
facet normal 0.000000e+00 0.000000e+00 0.000000e+00
	outer loop
		vertex -3.662654e-01 -2.118576e-02 -2.606437e-01
		vertex -3.662654e-01 -2.118576e-02 -2.606437e-01
		vertex -3.525165e-01 -5.602185e-02 -2.383976e-01
	endloop
endfacet
facet normal 8.637789e-01 0.000000e+00 -5.038710e-01
	outer loop
		vertex -3.662654e-01 -2.118576e-02 -2.606437e-01
		vertex -3.525165e-01 -5.602185e-02 -2.383976e-01
		vertex -3.525165e-01 -5.602185e-02 -2.383976e-01
	endloop
endfacet
facet normal 9.465127e-01 3.155042e-01 -6.760805e-02
	outer loop
		vertex -3.525165e-01 -5.602185e-02 -2.383976e-01
		vertex -3.662654e-01 -2.118576e-02 -2.606437e-01
		vertex -3.662654e-01 -2.118576e-02 -2.606437e-01
	endloop
endfacet
facet normal 8.637789e-01 0.000000e+00 -5.038710e-01
	outer loop
		vertex -3.662654e-01 -2.118576e-02 -2.606437e-01
		vertex -3.525165e-01 -5.602185e-02 -2.383976e-01
		vertex -3.525165e-01 -5.602185e-02 -2.383976e-01
	endloop
endfacet
facet normal 9.465127e-01 3.155042e-01 -6.760805e-02
	outer loop
		vertex -3.525165e-01 -5.602185e-02 -2.383976e-01
		vertex -3.662654e-01 -2.118576e-02 -2.606437e-01
		vertex -3.662654e-01 -2.118576e-02 -2.606437e-01
	endloop
endfacet
facet normal 0.000000e+00 0.000000e+00 0.000000e+00
	outer loop
		vertex -3.662654e-01 -2.118576e-02 -2.606437e-01
		vertex -3.662654e-01 -2.118576e-02 -2.606437e-01
		vertex -3.525165e-01 -5.602185e-02 -2.383976e-01
	endloop
endfacet
facet normal 8.637789e-01 0.000000e+00 -5.038710e-01
	outer loop
		vertex -3.662654e-01 -2.118576e-02 -2.606437e-01
		vertex -3.525165e-01 -5.602185e-02 -2.383976e-01
		vertex -3.525165e-01 -5.602185e-02 -2.383976e-01
	endloop
endfacet
facet normal 9.465127e-01 3.155042e-01 -6.760805e-02
	outer loop
		vertex -3.525165e-01 -5.602185e-02 -2.383976e-01
		vertex -3.662654e-01 -2.118576e-02 -2.606437e-01
		vertex -3.662654e-01 -2.118576e-02 -2.606437e-01
	endloop
endfacet
facet normal 8.637789e-01 0.000000e+00 -5.038710e-01
	outer loop
		vertex -3.662654e-01 -2.118576e-02 -2.606437e-01
		vertex -3.525165e-01 -5.602185e-02 -2.383976e-01
		vertex -3.525165e-01 -5.602185e-02 -2.383976e-01
	endloop
endfacet
facet normal 9.465127e-01 3.155042e-01 -6.760805e-02
	outer loop
		vertex -3.525165e-01 -5.602185e-02 -2.383976e-01
		vertex -3.662654e-01 -2.118576e-02 -2.606437e-01
		vertex -3.662654e-01 -2.118576e-02 -2.606437e-01
	endloop
endfacet
facet normal 0.000000e+00 0.000000e+00 0.000000e+00
	outer loop
		vertex -3.662654e-01 -2.118576e-02 -2.606437e-01
		vertex -3.662654e-01 -2.118576e-02 -2.606437e-01
		vertex -3.525165e-01 -5.602185e-02 -2.383976e-01
	endloop
endfacet
facet normal 0.000000e+00 0.000000e+00 0.000000e+00
	outer loop
		vertex -3.662654e-01 -2.118576e-02 -2.606437e-01
		vertex -3.525165e-01 -5.602185e-02 -2.383976e-01
		vertex -3.525165e-01 -5.602185e-02 -2.383976e-01
	endloop
endfacet
facet normal 0.000000e+00 0.000000e+00 0.000000e+00
	outer loop
		vertex -3.525165e-01 -5.602185e-02 -2.383976e-01
		vertex -3.662654e-01 -2.118576e-02 -2.606437e-01
		vertex -3.662654e-01 -2.118576e-02 -2.606437e-01
	endloop
endfacet
facet normal 0.000000e+00 0.000000e+00 0.000000e+00
	outer loop
		vertex -3.662654e-01 -2.118576e-02 -2.606437e-01
		vertex -3.525165e-01 -5.602185e-02 -2.383976e-01
		vertex -3.525165e-01 -5.602185e-02 -2.383976e-01
	endloop
endfacet
facet normal 0.000000e+00 0.000000e+00 0.000000e+00
	outer loop
		vertex -3.525165e-01 -5.602185e-02 -2.383976e-01
		vertex -3.662654e-01 -2.118576e-02 -2.606437e-01
		vertex -3.662654e-01 -2.118576e-02 -2.606437e-01
	endloop
endfacet
facet normal 0.000000e+00 0.000000e+00 0.000000e+00
	outer loop
		vertex -3.662654e-01 -2.118576e-02 -2.606437e-01
		vertex -3.662654e-01 -2.118576e-02 -2.606437e-01
		vertex -3.525165e-01 -5.602185e-02 -2.383976e-01
	endloop
endfacet
facet normal 0.000000e+00 0.000000e+00 0.000000e+00
	outer loop
		vertex -3.662654e-01 -2.118576e-02 -2.606437e-01
		vertex -3.525165e-01 -5.602185e-02 -2.383976e-01
		vertex -3.525165e-01 -5.602185e-02 -2.383976e-01
	endloop
endfacet
facet normal 0.000000e+00 0.000000e+00 0.000000e+00
	outer loop
		vertex -3.525165e-01 -5.602185e-02 -2.383976e-01
		vertex -3.662654e-01 -2.118576e-02 -2.606437e-01
		vertex -3.662654e-01 -2.118576e-02 -2.606437e-01
	endloop
endfacet
facet normal 0.000000e+00 0.000000e+00 0.000000e+00
	outer loop
		vertex -3.662654e-01 -2.118576e-02 -2.606437e-01
		vertex -3.525165e-01 -5.602185e-02 -2.383976e-01
		vertex -3.525165e-01 -5.602185e-02 -2.383976e-01
	endloop
endfacet
facet normal 0.000000e+00 0.000000e+00 0.000000e+00
	outer loop
		vertex -3.525165e-01 -5.602185e-02 -2.383976e-01
		vertex -3.662654e-01 -2.118576e-02 -2.606437e-01
		vertex -3.662654e-01 -2.118576e-02 -2.606437e-01
	endloop
endfacet
facet normal 0.000000e+00 0.000000e+00 0.000000e+00
	outer loop
		vertex -3.662654e-01 -2.118576e-02 -2.606437e-01
		vertex -3.662654e-01 -2.118576e-02 -2.606437e-01
		vertex -3.525165e-01 -5.602185e-02 -2.383976e-01
	endloop
endfacet
facet normal -8.506499e-01 1.260360e-06 5.257326e-01
	outer loop
		vertex -3.658137e-01 -2.090661e-02 -2.599128e-01
		vertex -3.658137e-01 -2.090661e-02 -2.599128e-01
		vertex -3.522257e-01 -5.525330e-02 -2.379271e-01
	endloop
endfacet
facet normal -8.506499e-01 1.260360e-06 5.257326e-01
	outer loop
		vertex -3.658137e-01 -2.090661e-02 -2.599128e-01
		vertex -3.658137e-01 -2.090661e-02 -2.599128e-01
		vertex -3.522257e-01 -5.525330e-02 -2.379271e-01
	endloop
endfacet
facet normal 8.506508e-01 4.743080e-14 -5.257311e-01
	outer loop
		vertex -3.658137e-01 -2.090661e-02 -2.599128e-01
		vertex -3.522257e-01 -5.525330e-02 -2.379271e-01
		vertex -3.525165e-01 -5.602185e-02 -2.383976e-01
	endloop
endfacet
facet normal 8.506508e-01 3.203472e-14 -5.257311e-01
	outer loop
		vertex -3.525165e-01 -5.602185e-02 -2.383976e-01
		vertex -3.662654e-01 -2.118576e-02 -2.606437e-01
		vertex -3.658137e-01 -2.090661e-02 -2.599128e-01
	endloop
endfacet
facet normal -8.506124e-01 5.483511e-05 5.257933e-01
	outer loop
		vertex -3.662654e-01 -2.118576e-02 -2.606437e-01
		vertex -3.662654e-01 -2.118576e-02 -2.606437e-01
		vertex -3.525165e-01 -5.602185e-02 -2.383976e-01
	endloop
endfacet
facet normal 8.506508e-01 4.743080e-14 -5.257311e-01
	outer loop
		vertex -3.658137e-01 -2.090661e-02 -2.599128e-01
		vertex -3.522257e-01 -5.525330e-02 -2.379271e-01
		vertex -3.525165e-01 -5.602185e-02 -2.383976e-01
	endloop
endfacet
facet normal 8.506508e-01 5.242045e-14 -5.257311e-01
	outer loop
		vertex -3.525165e-01 -5.602185e-02 -2.383976e-01
		vertex -3.662654e-01 -2.118576e-02 -2.606437e-01
		vertex -3.658137e-01 -2.090661e-02 -2.599128e-01
	endloop
endfacet
facet normal -8.506124e-01 5.483511e-05 5.257933e-01
	outer loop
		vertex -3.662654e-01 -2.118576e-02 -2.606437e-01
		vertex -3.662654e-01 -2.118576e-02 -2.606437e-01
		vertex -3.525165e-01 -5.602185e-02 -2.383976e-01
	endloop
endfacet
facet normal -4.901131e-17 -5.257311e-01 -8.506508e-01
	outer loop
		vertex -2.706033e-01 -3.724207e-01 -7.698313e-01
		vertex -5.665854e-01 -5.553478e-01 -6.567762e-01
		vertex -3.963400e-01 -4.323782e-02 -9.732776e-01
	endloop
endfacet
facet normal 0.000000e+00 0.000000e+00 0.000000e+00
	outer loop
		vertex -2.706033e-01 -3.724207e-01 -7.698313e-01
		vertex -5.665854e-01 -5.553478e-01 -6.567762e-01
		vertex -5.665854e-01 -5.553478e-01 -6.567762e-01
	endloop
endfacet
facet normal -5.773503e-01 -5.773503e-01 -5.773502e-01
	outer loop
		vertex -2.706033e-01 -3.724207e-01 -7.698313e-01
		vertex -2.706033e-01 -3.724207e-01 -7.698313e-01
		vertex -3.963400e-01 -4.323782e-02 -9.732776e-01
	endloop
endfacet
facet normal 2.239190e-01 2.239190e-01 9.485360e-01
	outer loop
		vertex -2.706033e-01 -3.724207e-01 -7.698313e-01
		vertex -2.706033e-01 -3.724207e-01 -7.698313e-01
		vertex -5.665854e-01 -5.553478e-01 -6.567762e-01
	endloop
endfacet
facet normal -2.568575e-15 -5.257311e-01 -8.506508e-01
	outer loop
		vertex -5.665854e-01 -5.553478e-01 -6.567762e-01
		vertex -6.025894e-01 -5.775994e-01 -6.430239e-01
		vertex -3.963400e-01 -4.323782e-02 -9.732776e-01
	endloop
endfacet
facet normal -1.646472e-01 6.974566e-01 6.974566e-01
	outer loop
		vertex -5.665854e-01 -5.553478e-01 -6.567762e-01
		vertex -6.025894e-01 -5.775994e-01 -6.430239e-01
		vertex -5.665854e-01 -5.553478e-01 -6.567762e-01
	endloop
endfacet
facet normal -2.052536e-14 -5.257311e-01 -8.506508e-01
	outer loop
		vertex -6.025894e-01 -5.775994e-01 -6.430239e-01
		vertex -3.974107e-01 -4.043465e-02 -9.750100e-01
		vertex -3.963400e-01 -4.323782e-02 -9.732776e-01
	endloop
endfacet
facet normal 0.000000e+00 -5.257306e-01 -8.506511e-01
	outer loop
		vertex -3.963400e-01 -4.323782e-02 -9.732776e-01
		vertex -6.025894e-01 -5.775994e-01 -6.430239e-01
		vertex -6.025894e-01 -5.775994e-01 -6.430239e-01
	endloop
endfacet
facet normal -2.052536e-14 -5.257311e-01 -8.506508e-01
	outer loop
		vertex -6.025894e-01 -5.775994e-01 -6.430239e-01
		vertex -3.974107e-01 -4.043465e-02 -9.750100e-01
		vertex -3.963400e-01 -4.323782e-02 -9.732776e-01
	endloop
endfacet
facet normal 0.000000e+00 -5.257306e-01 -8.506511e-01
	outer loop
		vertex -3.963400e-01 -4.323782e-02 -9.732776e-01
		vertex -6.025894e-01 -5.775994e-01 -6.430239e-01
		vertex -6.025894e-01 -5.775994e-01 -6.430239e-01
	endloop
endfacet
facet normal -4.491779e-02 -4.716031e-01 -8.806662e-01
	outer loop
		vertex -6.025894e-01 -5.775994e-01 -6.430239e-01
		vertex -6.025894e-01 -5.775994e-01 -6.430239e-01
		vertex -5.665854e-01 -5.553478e-01 -6.567762e-01
	endloop
endfacet
facet normal 7.960298e-01 -9.950372e-02 -5.970223e-01
	outer loop
		vertex -2.706033e-01 -3.724207e-01 -7.698313e-01
		vertex -3.963400e-01 -4.323782e-02 -9.732776e-01
		vertex -3.974107e-01 -4.043465e-02 -9.750100e-01
	endloop
endfacet
facet normal -8.944272e-01 0.000000e+00 4.472136e-01
	outer loop
		vertex -3.974107e-01 -4.043465e-02 -9.750100e-01
		vertex -2.706033e-01 -3.724207e-01 -7.698313e-01
		vertex -2.706033e-01 -3.724207e-01 -7.698313e-01
	endloop
endfacet
facet normal 5.494423e-01 -1.373606e-01 -8.241634e-01
	outer loop
		vertex -2.706033e-01 -3.724207e-01 -7.698313e-01
		vertex -3.963400e-01 -4.323782e-02 -9.732776e-01
		vertex -3.974107e-01 -4.043465e-02 -9.750100e-01
	endloop
endfacet
facet normal -8.944272e-01 0.000000e+00 4.472136e-01
	outer loop
		vertex -3.974107e-01 -4.043465e-02 -9.750100e-01
		vertex -2.706033e-01 -3.724207e-01 -7.698313e-01
		vertex -2.706033e-01 -3.724207e-01 -7.698313e-01
	endloop
endfacet
facet normal -3.568221e-01 -0.000000e+00 -9.341723e-01
	outer loop
		vertex -2.706033e-01 -3.724207e-01 -7.698313e-01
		vertex -2.706033e-01 -3.724207e-01 -7.698313e-01
		vertex -5.665854e-01 -5.553478e-01 -6.567762e-01
	endloop
endfacet
facet normal -1.387173e-16 5.220944e-01 -8.528877e-01
	outer loop
		vertex -1.605502e-01 -3.044042e-01 -3.904446e-01
		vertex -5.337479e-01 -5.350531e-01 -5.316361e-01
		vertex -4.067390e-01 -1.993429e-01 -3.261314e-01
	endloop
endfacet
facet normal 5.257311e-01 -8.506508e-01 0.000000e+00
	outer loop
		vertex -1.605502e-01 -3.044042e-01 -3.904446e-01
		vertex -5.337479e-01 -5.350531e-01 -5.316361e-01
		vertex -5.665854e-01 -5.553478e-01 -6.567762e-01
	endloop
endfacet
facet normal -4.249525e-17 -5.220944e-01 8.528877e-01
	outer loop
		vertex -5.155545e-02 -2.370417e-01 -3.492087e-01
		vertex -3.525165e-01 -5.602185e-02 -2.383976e-01
		vertex -4.059965e-01 -1.973803e-01 -3.249300e-01
	endloop
endfacet
facet normal -2.220174e-16 -5.220944e-01 8.528877e-01
	outer loop
		vertex -4.059965e-01 -1.973803e-01 -3.249300e-01
		vertex -7.087378e-02 -2.489811e-01 -3.565174e-01
		vertex -5.155545e-02 -2.370417e-01 -3.492087e-01
	endloop
endfacet
facet normal 5.257311e-01 -8.506508e-01 2.033035e-15
	outer loop
		vertex -5.155545e-02 -2.370417e-01 -3.492087e-01
		vertex -7.087378e-02 -2.489811e-01 -3.565174e-01
		vertex -5.665854e-01 -5.553478e-01 -6.567762e-01
	endloop
endfacet
facet normal 8.279820e-18 5.220944e-01 -8.528877e-01
	outer loop
		vertex -7.087378e-02 -2.489811e-01 -3.565174e-01
		vertex -1.572083e-01 -3.023388e-01 -3.891802e-01
		vertex -4.059965e-01 -1.973803e-01 -3.249300e-01
	endloop
endfacet
facet normal 5.257311e-01 -8.506508e-01 0.000000e+00
	outer loop
		vertex -7.087378e-02 -2.489811e-01 -3.565174e-01
		vertex -1.572083e-01 -3.023388e-01 -3.891802e-01
		vertex -5.665854e-01 -5.553478e-01 -6.567762e-01
	endloop
endfacet
facet normal 1.651277e-15 5.220944e-01 -8.528877e-01
	outer loop
		vertex -1.588357e-01 -3.033446e-01 -3.897959e-01
		vertex -1.605502e-01 -3.044042e-01 -3.904446e-01
		vertex -4.067390e-01 -1.993429e-01 -3.261314e-01
	endloop
endfacet
facet normal 5.257311e-01 -8.506508e-01 3.770184e-14
	outer loop
		vertex -1.588357e-01 -3.033446e-01 -3.897959e-01
		vertex -1.605502e-01 -3.044042e-01 -3.904446e-01
		vertex -5.665854e-01 -5.553478e-01 -6.567762e-01
	endloop
endfacet
facet normal 1.306529e-15 -5.220944e-01 8.528877e-01
	outer loop
		vertex -1.572083e-01 -3.023388e-01 -3.891802e-01
		vertex -4.059965e-01 -1.973803e-01 -3.249300e-01
		vertex -4.067390e-01 -1.993429e-01 -3.261314e-01
	endloop
endfacet
facet normal 4.407295e-15 -5.220944e-01 8.528877e-01
	outer loop
		vertex -4.067390e-01 -1.993429e-01 -3.261314e-01
		vertex -1.578609e-01 -3.027421e-01 -3.894271e-01
		vertex -1.572083e-01 -3.023388e-01 -3.891802e-01
	endloop
endfacet
facet normal 5.257311e-01 -8.506508e-01 9.811438e-14
	outer loop
		vertex -1.572083e-01 -3.023388e-01 -3.891802e-01
		vertex -1.578609e-01 -3.027421e-01 -3.894271e-01
		vertex -5.665854e-01 -5.553478e-01 -6.567762e-01
	endloop
endfacet
facet normal -2.719755e-15 -5.220944e-01 8.528877e-01
	outer loop
		vertex -1.588357e-01 -3.033446e-01 -3.897959e-01
		vertex -1.578609e-01 -3.027421e-01 -3.894271e-01
		vertex -4.067390e-01 -1.993429e-01 -3.261314e-01
	endloop
endfacet
facet normal -5.257311e-01 8.506508e-01 2.392097e-14
	outer loop
		vertex -1.588357e-01 -3.033446e-01 -3.897959e-01
		vertex -1.578609e-01 -3.027421e-01 -3.894271e-01
		vertex -5.665854e-01 -5.553478e-01 -6.567762e-01
	endloop
endfacet
facet normal 4.472136e-01 0.000000e+00 8.944272e-01
	outer loop
		vertex -5.155545e-02 -2.370417e-01 -3.492087e-01
		vertex -3.525165e-01 -5.602185e-02 -2.383976e-01
		vertex -3.525165e-01 -5.602185e-02 -2.383976e-01
	endloop
endfacet
facet normal 0.000000e+00 0.000000e+00 0.000000e+00
	outer loop
		vertex -3.525165e-01 -5.602185e-02 -2.383976e-01
		vertex -5.155545e-02 -2.370417e-01 -3.492087e-01
		vertex -5.155545e-02 -2.370417e-01 -3.492087e-01
	endloop
endfacet
facet normal 4.472136e-01 0.000000e+00 8.944272e-01
	outer loop
		vertex -5.155545e-02 -2.370417e-01 -3.492087e-01
		vertex -3.525165e-01 -5.602185e-02 -2.383976e-01
		vertex -3.525165e-01 -5.602185e-02 -2.383976e-01
	endloop
endfacet
facet normal 0.000000e+00 0.000000e+00 0.000000e+00
	outer loop
		vertex -3.525165e-01 -5.602185e-02 -2.383976e-01
		vertex -5.155545e-02 -2.370417e-01 -3.492087e-01
		vertex -5.155545e-02 -2.370417e-01 -3.492087e-01
	endloop
endfacet
facet normal 0.000000e+00 0.000000e+00 0.000000e+00
	outer loop
		vertex -5.155545e-02 -2.370417e-01 -3.492087e-01
		vertex -5.155545e-02 -2.370417e-01 -3.492087e-01
		vertex -5.665854e-01 -5.553478e-01 -6.567762e-01
	endloop
endfacet
facet normal 0.000000e+00 5.220944e-01 -8.528877e-01
	outer loop
		vertex -5.155545e-02 -2.370417e-01 -3.492087e-01
		vertex -5.155545e-02 -2.370417e-01 -3.492087e-01
		vertex -3.525165e-01 -5.602185e-02 -2.383976e-01
	endloop
endfacet
facet normal 0.000000e+00 -6.948721e-01 7.191333e-01
	outer loop
		vertex -5.155545e-02 -2.370417e-01 -3.492087e-01
		vertex -5.155545e-02 -2.370417e-01 -3.492087e-01
		vertex -5.665854e-01 -5.553478e-01 -6.567762e-01
	endloop
endfacet
facet normal 3.162278e-01 0.000000e+00 9.486833e-01
	outer loop
		vertex -5.155545e-02 -2.370417e-01 -3.492087e-01
		vertex -3.525165e-01 -5.602185e-02 -2.383976e-01
		vertex -3.525165e-01 -5.602185e-02 -2.383976e-01
	endloop
endfacet
facet normal 3.333333e-01 6.666667e-01 -6.666667e-01
	outer loop
		vertex -3.525165e-01 -5.602185e-02 -2.383976e-01
		vertex -5.155545e-02 -2.370417e-01 -3.492087e-01
		vertex -5.155545e-02 -2.370417e-01 -3.492087e-01
	endloop
endfacet
facet normal 4.472136e-01 0.000000e+00 8.944272e-01
	outer loop
		vertex -5.155545e-02 -2.370417e-01 -3.492087e-01
		vertex -3.525165e-01 -5.602185e-02 -2.383976e-01
		vertex -3.525165e-01 -5.602185e-02 -2.383976e-01
	endloop
endfacet
facet normal 3.333333e-01 6.666667e-01 -6.666667e-01
	outer loop
		vertex -3.525165e-01 -5.602185e-02 -2.383976e-01
		vertex -5.155545e-02 -2.370417e-01 -3.492087e-01
		vertex -5.155545e-02 -2.370417e-01 -3.492087e-01
	endloop
endfacet
facet normal 2.292939e-01 4.585877e-01 -8.585579e-01
	outer loop
		vertex -5.155545e-02 -2.370417e-01 -3.492087e-01
		vertex -5.155545e-02 -2.370417e-01 -3.492087e-01
		vertex -5.665854e-01 -5.553478e-01 -6.567762e-01
	endloop
endfacet
facet normal 0.000000e+00 5.220944e-01 -8.528877e-01
	outer loop
		vertex -5.155545e-02 -2.370417e-01 -3.492087e-01
		vertex -5.155545e-02 -2.370417e-01 -3.492087e-01
		vertex -3.525165e-01 -5.602185e-02 -2.383976e-01
	endloop
endfacet
facet normal 0.000000e+00 -6.948721e-01 7.191333e-01
	outer loop
		vertex -5.155545e-02 -2.370417e-01 -3.492087e-01
		vertex -5.155545e-02 -2.370417e-01 -3.492087e-01
		vertex -5.665854e-01 -5.553478e-01 -6.567762e-01
	endloop
endfacet
facet normal 0.000000e+00 5.220944e-01 -8.528877e-01
	outer loop
		vertex -5.155545e-02 -2.370417e-01 -3.492087e-01
		vertex -5.155545e-02 -2.370417e-01 -3.492087e-01
		vertex -3.525165e-01 -5.602185e-02 -2.383976e-01
	endloop
endfacet
facet normal 0.000000e+00 -6.948721e-01 7.191333e-01
	outer loop
		vertex -5.155545e-02 -2.370417e-01 -3.492087e-01
		vertex -5.155545e-02 -2.370417e-01 -3.492087e-01
		vertex -5.665854e-01 -5.553478e-01 -6.567762e-01
	endloop
endfacet
facet normal 0.000000e+00 0.000000e+00 0.000000e+00
	outer loop
		vertex -5.155545e-02 -2.370417e-01 -3.492087e-01
		vertex -3.525165e-01 -5.602185e-02 -2.383976e-01
		vertex -3.525165e-01 -5.602185e-02 -2.383976e-01
	endloop
endfacet
facet normal 0.000000e+00 0.000000e+00 0.000000e+00
	outer loop
		vertex -3.525165e-01 -5.602185e-02 -2.383976e-01
		vertex -5.155545e-02 -2.370417e-01 -3.492087e-01
		vertex -5.155545e-02 -2.370417e-01 -3.492087e-01
	endloop
endfacet
facet normal 0.000000e+00 0.000000e+00 0.000000e+00
	outer loop
		vertex -5.155545e-02 -2.370417e-01 -3.492087e-01
		vertex -3.525165e-01 -5.602185e-02 -2.383976e-01
		vertex -3.525165e-01 -5.602185e-02 -2.383976e-01
	endloop
endfacet
facet normal 0.000000e+00 0.000000e+00 0.000000e+00
	outer loop
		vertex -3.525165e-01 -5.602185e-02 -2.383976e-01
		vertex -5.155545e-02 -2.370417e-01 -3.492087e-01
		vertex -5.155545e-02 -2.370417e-01 -3.492087e-01
	endloop
endfacet
facet normal 0.000000e+00 0.000000e+00 0.000000e+00
	outer loop
		vertex -5.155545e-02 -2.370417e-01 -3.492087e-01
		vertex -5.155545e-02 -2.370417e-01 -3.492087e-01
		vertex -5.665854e-01 -5.553478e-01 -6.567762e-01
	endloop
endfacet
facet normal 0.000000e+00 0.000000e+00 0.000000e+00
	outer loop
		vertex -5.155545e-02 -2.370417e-01 -3.492087e-01
		vertex -5.155545e-02 -2.370417e-01 -3.492087e-01
		vertex -3.525165e-01 -5.602185e-02 -2.383976e-01
	endloop
endfacet
facet normal 0.000000e+00 0.000000e+00 0.000000e+00
	outer loop
		vertex -5.155545e-02 -2.370417e-01 -3.492087e-01
		vertex -5.155545e-02 -2.370417e-01 -3.492087e-01
		vertex -5.665854e-01 -5.553478e-01 -6.567762e-01
	endloop
endfacet
facet normal 0.000000e+00 0.000000e+00 0.000000e+00
	outer loop
		vertex -5.155545e-02 -2.370417e-01 -3.492087e-01
		vertex -3.525165e-01 -5.602185e-02 -2.383976e-01
		vertex -3.525165e-01 -5.602185e-02 -2.383976e-01
	endloop
endfacet
facet normal 0.000000e+00 0.000000e+00 0.000000e+00
	outer loop
		vertex -3.525165e-01 -5.602185e-02 -2.383976e-01
		vertex -5.155545e-02 -2.370417e-01 -3.492087e-01
		vertex -5.155545e-02 -2.370417e-01 -3.492087e-01
	endloop
endfacet
facet normal 0.000000e+00 0.000000e+00 0.000000e+00
	outer loop
		vertex -5.155545e-02 -2.370417e-01 -3.492087e-01
		vertex -3.525165e-01 -5.602185e-02 -2.383976e-01
		vertex -3.525165e-01 -5.602185e-02 -2.383976e-01
	endloop
endfacet
facet normal 0.000000e+00 0.000000e+00 0.000000e+00
	outer loop
		vertex -3.525165e-01 -5.602185e-02 -2.383976e-01
		vertex -5.155545e-02 -2.370417e-01 -3.492087e-01
		vertex -5.155545e-02 -2.370417e-01 -3.492087e-01
	endloop
endfacet
facet normal 0.000000e+00 0.000000e+00 0.000000e+00
	outer loop
		vertex -5.155545e-02 -2.370417e-01 -3.492087e-01
		vertex -5.155545e-02 -2.370417e-01 -3.492087e-01
		vertex -5.665854e-01 -5.553478e-01 -6.567762e-01
	endloop
endfacet
facet normal 0.000000e+00 0.000000e+00 0.000000e+00
	outer loop
		vertex -5.155545e-02 -2.370417e-01 -3.492087e-01
		vertex -5.155545e-02 -2.370417e-01 -3.492087e-01
		vertex -3.525165e-01 -5.602185e-02 -2.383976e-01
	endloop
endfacet
facet normal 0.000000e+00 0.000000e+00 0.000000e+00
	outer loop
		vertex -5.155545e-02 -2.370417e-01 -3.492087e-01
		vertex -5.155545e-02 -2.370417e-01 -3.492087e-01
		vertex -5.665854e-01 -5.553478e-01 -6.567762e-01
	endloop
endfacet
facet normal 0.000000e+00 5.220944e-01 -8.528877e-01
	outer loop
		vertex -5.155545e-02 -2.370417e-01 -3.492087e-01
		vertex -5.155545e-02 -2.370417e-01 -3.492087e-01
		vertex -3.525165e-01 -5.602185e-02 -2.383976e-01
	endloop
endfacet
facet normal 0.000000e+00 -6.948721e-01 7.191333e-01
	outer loop
		vertex -5.155545e-02 -2.370417e-01 -3.492087e-01
		vertex -5.155545e-02 -2.370417e-01 -3.492087e-01
		vertex -5.665854e-01 -5.553478e-01 -6.567762e-01
	endloop
endfacet
facet normal 0.000000e+00 0.000000e+00 0.000000e+00
	outer loop
		vertex -5.155545e-02 -2.370417e-01 -3.492087e-01
		vertex -3.525165e-01 -5.602185e-02 -2.383976e-01
		vertex -3.525165e-01 -5.602185e-02 -2.383976e-01
	endloop
endfacet
facet normal 0.000000e+00 0.000000e+00 0.000000e+00
	outer loop
		vertex -3.525165e-01 -5.602185e-02 -2.383976e-01
		vertex -5.155545e-02 -2.370417e-01 -3.492087e-01
		vertex -5.155545e-02 -2.370417e-01 -3.492087e-01
	endloop
endfacet
facet normal 0.000000e+00 0.000000e+00 0.000000e+00
	outer loop
		vertex -5.155545e-02 -2.370417e-01 -3.492087e-01
		vertex -3.525165e-01 -5.602185e-02 -2.383976e-01
		vertex -3.525165e-01 -5.602185e-02 -2.383976e-01
	endloop
endfacet
facet normal 0.000000e+00 0.000000e+00 0.000000e+00
	outer loop
		vertex -3.525165e-01 -5.602185e-02 -2.383976e-01
		vertex -5.155545e-02 -2.370417e-01 -3.492087e-01
		vertex -5.155545e-02 -2.370417e-01 -3.492087e-01
	endloop
endfacet
facet normal 0.000000e+00 0.000000e+00 0.000000e+00
	outer loop
		vertex -5.155545e-02 -2.370417e-01 -3.492087e-01
		vertex -5.155545e-02 -2.370417e-01 -3.492087e-01
		vertex -5.665854e-01 -5.553478e-01 -6.567762e-01
	endloop
endfacet
facet normal 0.000000e+00 0.000000e+00 0.000000e+00
	outer loop
		vertex -5.155545e-02 -2.370417e-01 -3.492087e-01
		vertex -5.155545e-02 -2.370417e-01 -3.492087e-01
		vertex -3.525165e-01 -5.602185e-02 -2.383976e-01
	endloop
endfacet
facet normal 0.000000e+00 0.000000e+00 0.000000e+00
	outer loop
		vertex -5.155545e-02 -2.370417e-01 -3.492087e-01
		vertex -5.155545e-02 -2.370417e-01 -3.492087e-01
		vertex -5.665854e-01 -5.553478e-01 -6.567762e-01
	endloop
endfacet
facet normal 0.000000e+00 0.000000e+00 0.000000e+00
	outer loop
		vertex -5.155545e-02 -2.370417e-01 -3.492087e-01
		vertex -3.525165e-01 -5.602185e-02 -2.383976e-01
		vertex -3.525165e-01 -5.602185e-02 -2.383976e-01
	endloop
endfacet
facet normal 0.000000e+00 0.000000e+00 0.000000e+00
	outer loop
		vertex -3.525165e-01 -5.602185e-02 -2.383976e-01
		vertex -5.155545e-02 -2.370417e-01 -3.492087e-01
		vertex -5.155545e-02 -2.370417e-01 -3.492087e-01
	endloop
endfacet
facet normal 0.000000e+00 0.000000e+00 0.000000e+00
	outer loop
		vertex -5.155545e-02 -2.370417e-01 -3.492087e-01
		vertex -3.525165e-01 -5.602185e-02 -2.383976e-01
		vertex -3.525165e-01 -5.602185e-02 -2.383976e-01
	endloop
endfacet
facet normal 0.000000e+00 0.000000e+00 0.000000e+00
	outer loop
		vertex -3.525165e-01 -5.602185e-02 -2.383976e-01
		vertex -5.155545e-02 -2.370417e-01 -3.492087e-01
		vertex -5.155545e-02 -2.370417e-01 -3.492087e-01
	endloop
endfacet
facet normal 0.000000e+00 0.000000e+00 0.000000e+00
	outer loop
		vertex -5.155545e-02 -2.370417e-01 -3.492087e-01
		vertex -5.155545e-02 -2.370417e-01 -3.492087e-01
		vertex -5.665854e-01 -5.553478e-01 -6.567762e-01
	endloop
endfacet
facet normal 0.000000e+00 0.000000e+00 0.000000e+00
	outer loop
		vertex -5.155545e-02 -2.370417e-01 -3.492087e-01
		vertex -5.155545e-02 -2.370417e-01 -3.492087e-01
		vertex -3.525165e-01 -5.602185e-02 -2.383976e-01
	endloop
endfacet
facet normal 0.000000e+00 0.000000e+00 0.000000e+00
	outer loop
		vertex -5.155545e-02 -2.370417e-01 -3.492087e-01
		vertex -5.155545e-02 -2.370417e-01 -3.492087e-01
		vertex -5.665854e-01 -5.553478e-01 -6.567762e-01
	endloop
endfacet
facet normal 4.472136e-01 0.000000e+00 8.944272e-01
	outer loop
		vertex -5.155545e-02 -2.370417e-01 -3.492087e-01
		vertex -3.525165e-01 -5.602185e-02 -2.383976e-01
		vertex -3.525165e-01 -5.602185e-02 -2.383976e-01
	endloop
endfacet
facet normal 0.000000e+00 0.000000e+00 0.000000e+00
	outer loop
		vertex -3.525165e-01 -5.602185e-02 -2.383976e-01
		vertex -5.155545e-02 -2.370417e-01 -3.492087e-01
		vertex -5.155545e-02 -2.370417e-01 -3.492087e-01
	endloop
endfacet
facet normal 4.472136e-01 0.000000e+00 8.944272e-01
	outer loop
		vertex -5.155545e-02 -2.370417e-01 -3.492087e-01
		vertex -3.525165e-01 -5.602185e-02 -2.383976e-01
		vertex -3.525165e-01 -5.602185e-02 -2.383976e-01
	endloop
endfacet
facet normal 0.000000e+00 0.000000e+00 0.000000e+00
	outer loop
		vertex -3.525165e-01 -5.602185e-02 -2.383976e-01
		vertex -5.155545e-02 -2.370417e-01 -3.492087e-01
		vertex -5.155545e-02 -2.370417e-01 -3.492087e-01
	endloop
endfacet
facet normal 0.000000e+00 0.000000e+00 0.000000e+00
	outer loop
		vertex -5.155545e-02 -2.370417e-01 -3.492087e-01
		vertex -5.155545e-02 -2.370417e-01 -3.492087e-01
		vertex -5.665854e-01 -5.553478e-01 -6.567762e-01
	endloop
endfacet
facet normal 0.000000e+00 5.220944e-01 -8.528877e-01
	outer loop
		vertex -5.155545e-02 -2.370417e-01 -3.492087e-01
		vertex -5.155545e-02 -2.370417e-01 -3.492087e-01
		vertex -3.525165e-01 -5.602185e-02 -2.383976e-01
	endloop
endfacet
facet normal 0.000000e+00 -6.948721e-01 7.191333e-01
	outer loop
		vertex -5.155545e-02 -2.370417e-01 -3.492087e-01
		vertex -5.155545e-02 -2.370417e-01 -3.492087e-01
		vertex -5.665854e-01 -5.553478e-01 -6.567762e-01
	endloop
endfacet
facet normal 3.162278e-01 0.000000e+00 9.486833e-01
	outer loop
		vertex -5.155545e-02 -2.370417e-01 -3.492087e-01
		vertex -3.525165e-01 -5.602185e-02 -2.383976e-01
		vertex -3.525165e-01 -5.602185e-02 -2.383976e-01
	endloop
endfacet
facet normal 3.333333e-01 6.666667e-01 -6.666667e-01
	outer loop
		vertex -3.525165e-01 -5.602185e-02 -2.383976e-01
		vertex -5.155545e-02 -2.370417e-01 -3.492087e-01
		vertex -5.155545e-02 -2.370417e-01 -3.492087e-01
	endloop
endfacet
facet normal 4.472136e-01 0.000000e+00 8.944272e-01
	outer loop
		vertex -5.155545e-02 -2.370417e-01 -3.492087e-01
		vertex -3.525165e-01 -5.602185e-02 -2.383976e-01
		vertex -3.525165e-01 -5.602185e-02 -2.383976e-01
	endloop
endfacet
facet normal 3.333333e-01 6.666667e-01 -6.666667e-01
	outer loop
		vertex -3.525165e-01 -5.602185e-02 -2.383976e-01
		vertex -5.155545e-02 -2.370417e-01 -3.492087e-01
		vertex -5.155545e-02 -2.370417e-01 -3.492087e-01
	endloop
endfacet
facet normal 2.292939e-01 4.585877e-01 -8.585579e-01
	outer loop
		vertex -5.155545e-02 -2.370417e-01 -3.492087e-01
		vertex -5.155545e-02 -2.370417e-01 -3.492087e-01
		vertex -5.665854e-01 -5.553478e-01 -6.567762e-01
	endloop
endfacet
facet normal 0.000000e+00 5.220944e-01 -8.528877e-01
	outer loop
		vertex -5.155545e-02 -2.370417e-01 -3.492087e-01
		vertex -5.155545e-02 -2.370417e-01 -3.492087e-01
		vertex -3.525165e-01 -5.602185e-02 -2.383976e-01
	endloop
endfacet
facet normal 0.000000e+00 -6.948721e-01 7.191333e-01
	outer loop
		vertex -5.155545e-02 -2.370417e-01 -3.492087e-01
		vertex -5.155545e-02 -2.370417e-01 -3.492087e-01
		vertex -5.665854e-01 -5.553478e-01 -6.567762e-01
	endloop
endfacet
facet normal 0.000000e+00 5.220944e-01 -8.528877e-01
	outer loop
		vertex -5.155545e-02 -2.370417e-01 -3.492087e-01
		vertex -5.155545e-02 -2.370417e-01 -3.492087e-01
		vertex -3.525165e-01 -5.602185e-02 -2.383976e-01
	endloop
endfacet
facet normal 0.000000e+00 -6.948721e-01 7.191333e-01
	outer loop
		vertex -5.155545e-02 -2.370417e-01 -3.492087e-01
		vertex -5.155545e-02 -2.370417e-01 -3.492087e-01
		vertex -5.665854e-01 -5.553478e-01 -6.567762e-01
	endloop
endfacet
facet normal 0.000000e+00 0.000000e+00 0.000000e+00
	outer loop
		vertex -5.155545e-02 -2.370417e-01 -3.492087e-01
		vertex -3.525165e-01 -5.602185e-02 -2.383976e-01
		vertex -3.525165e-01 -5.602185e-02 -2.383976e-01
	endloop
endfacet
facet normal 0.000000e+00 0.000000e+00 0.000000e+00
	outer loop
		vertex -3.525165e-01 -5.602185e-02 -2.383976e-01
		vertex -5.155545e-02 -2.370417e-01 -3.492087e-01
		vertex -5.155545e-02 -2.370417e-01 -3.492087e-01
	endloop
endfacet
facet normal 0.000000e+00 0.000000e+00 0.000000e+00
	outer loop
		vertex -5.155545e-02 -2.370417e-01 -3.492087e-01
		vertex -3.525165e-01 -5.602185e-02 -2.383976e-01
		vertex -3.525165e-01 -5.602185e-02 -2.383976e-01
	endloop
endfacet
facet normal 0.000000e+00 0.000000e+00 0.000000e+00
	outer loop
		vertex -3.525165e-01 -5.602185e-02 -2.383976e-01
		vertex -5.155545e-02 -2.370417e-01 -3.492087e-01
		vertex -5.155545e-02 -2.370417e-01 -3.492087e-01
	endloop
endfacet
facet normal 0.000000e+00 0.000000e+00 0.000000e+00
	outer loop
		vertex -5.155545e-02 -2.370417e-01 -3.492087e-01
		vertex -5.155545e-02 -2.370417e-01 -3.492087e-01
		vertex -5.665854e-01 -5.553478e-01 -6.567762e-01
	endloop
endfacet
facet normal 0.000000e+00 0.000000e+00 0.000000e+00
	outer loop
		vertex -5.155545e-02 -2.370417e-01 -3.492087e-01
		vertex -5.155545e-02 -2.370417e-01 -3.492087e-01
		vertex -3.525165e-01 -5.602185e-02 -2.383976e-01
	endloop
endfacet
facet normal 0.000000e+00 0.000000e+00 0.000000e+00
	outer loop
		vertex -5.155545e-02 -2.370417e-01 -3.492087e-01
		vertex -5.155545e-02 -2.370417e-01 -3.492087e-01
		vertex -5.665854e-01 -5.553478e-01 -6.567762e-01
	endloop
endfacet
facet normal 0.000000e+00 0.000000e+00 0.000000e+00
	outer loop
		vertex -5.155545e-02 -2.370417e-01 -3.492087e-01
		vertex -3.525165e-01 -5.602185e-02 -2.383976e-01
		vertex -3.525165e-01 -5.602185e-02 -2.383976e-01
	endloop
endfacet
facet normal 0.000000e+00 0.000000e+00 0.000000e+00
	outer loop
		vertex -3.525165e-01 -5.602185e-02 -2.383976e-01
		vertex -5.155545e-02 -2.370417e-01 -3.492087e-01
		vertex -5.155545e-02 -2.370417e-01 -3.492087e-01
	endloop
endfacet
facet normal 0.000000e+00 0.000000e+00 0.000000e+00
	outer loop
		vertex -5.155545e-02 -2.370417e-01 -3.492087e-01
		vertex -3.525165e-01 -5.602185e-02 -2.383976e-01
		vertex -3.525165e-01 -5.602185e-02 -2.383976e-01
	endloop
endfacet
facet normal 0.000000e+00 0.000000e+00 0.000000e+00
	outer loop
		vertex -3.525165e-01 -5.602185e-02 -2.383976e-01
		vertex -5.155545e-02 -2.370417e-01 -3.492087e-01
		vertex -5.155545e-02 -2.370417e-01 -3.492087e-01
	endloop
endfacet
facet normal 0.000000e+00 0.000000e+00 0.000000e+00
	outer loop
		vertex -5.155545e-02 -2.370417e-01 -3.492087e-01
		vertex -5.155545e-02 -2.370417e-01 -3.492087e-01
		vertex -5.665854e-01 -5.553478e-01 -6.567762e-01
	endloop
endfacet
facet normal 0.000000e+00 0.000000e+00 0.000000e+00
	outer loop
		vertex -5.155545e-02 -2.370417e-01 -3.492087e-01
		vertex -5.155545e-02 -2.370417e-01 -3.492087e-01
		vertex -3.525165e-01 -5.602185e-02 -2.383976e-01
	endloop
endfacet
facet normal 0.000000e+00 0.000000e+00 0.000000e+00
	outer loop
		vertex -5.155545e-02 -2.370417e-01 -3.492087e-01
		vertex -5.155545e-02 -2.370417e-01 -3.492087e-01
		vertex -5.665854e-01 -5.553478e-01 -6.567762e-01
	endloop
endfacet
facet normal 0.000000e+00 5.220944e-01 -8.528877e-01
	outer loop
		vertex -5.155545e-02 -2.370417e-01 -3.492087e-01
		vertex -5.155545e-02 -2.370417e-01 -3.492087e-01
		vertex -3.525165e-01 -5.602185e-02 -2.383976e-01
	endloop
endfacet
facet normal 0.000000e+00 -6.948721e-01 7.191333e-01
	outer loop
		vertex -5.155545e-02 -2.370417e-01 -3.492087e-01
		vertex -5.155545e-02 -2.370417e-01 -3.492087e-01
		vertex -5.665854e-01 -5.553478e-01 -6.567762e-01
	endloop
endfacet
facet normal 0.000000e+00 0.000000e+00 0.000000e+00
	outer loop
		vertex -5.155545e-02 -2.370417e-01 -3.492087e-01
