solid MIKE666
facet normal 7.868269e-18 -5.220944e-01 -8.528877e-01
	outer loop
		vertex 1.588982e-01 -2.110932e-01 -7.488334e-02
		vertex 1.478116e-01 -1.817890e-01 -9.282188e-02
		vertex 2.553093e-01 -2.009164e-01 -8.111304e-02
	endloop
endfacet
facet normal 1.759360e-16 5.220944e-01 8.528877e-01
	outer loop
		vertex 1.428534e-01 -1.686835e-01 -1.008444e-01
		vertex 1.478116e-01 -1.817890e-01 -9.282188e-02
		vertex 2.553093e-01 -2.009164e-01 -8.111304e-02
	endloop
endfacet
facet normal 2.979847e-16 5.220944e-01 8.528877e-01
	outer loop
		vertex 1.428534e-01 -1.686835e-01 -1.008444e-01
		vertex 2.553093e-01 -2.009164e-01 -8.111304e-02
		vertex 2.689662e-01 -1.648185e-01 -1.032103e-01
	endloop
endfacet
facet normal 2.964060e-16 5.220944e-01 8.528877e-01
	outer loop
		vertex 2.689662e-01 -1.648185e-01 -1.032103e-01
		vertex 1.299011e-01 -1.344479e-01 -1.218017e-01
		vertex 1.428534e-01 -1.686835e-01 -1.008444e-01
	endloop
endfacet
facet normal -1.044114e-15 5.220944e-01 8.528877e-01
	outer loop
		vertex 1.291953e-01 -1.325822e-01 -1.229438e-01
		vertex 1.299011e-01 -1.344479e-01 -1.218017e-01
		vertex 2.689662e-01 -1.648185e-01 -1.032103e-01
	endloop
endfacet
facet normal 0.000000e+00 -5.220944e-01 -8.528877e-01
	outer loop
		vertex 1.291953e-01 -1.325822e-01 -1.229438e-01
		vertex 1.291953e-01 -1.325822e-01 -1.229438e-01
		vertex 2.689662e-01 -1.648185e-01 -1.032103e-01
	endloop
endfacet
facet normal -2.425356e-01 -9.701425e-01 0.000000e+00
	outer loop
		vertex 1.291953e-01 -1.325822e-01 -1.229438e-01
		vertex 2.689662e-01 -1.648185e-01 -1.032103e-01
		vertex 2.689662e-01 -1.648185e-01 -1.032103e-01
	endloop
endfacet
facet normal -2.425356e-01 -9.701425e-01 0.000000e+00
	outer loop
		vertex 2.689662e-01 -1.648185e-01 -1.032103e-01
		vertex 1.291953e-01 -1.325822e-01 -1.229438e-01
		vertex 1.291953e-01 -1.325822e-01 -1.229438e-01
	endloop
endfacet
facet normal -1.961161e-01 -9.805807e-01 0.000000e+00
	outer loop
		vertex 1.291953e-01 -1.325822e-01 -1.229438e-01
		vertex 2.689662e-01 -1.648185e-01 -1.032103e-01
		vertex 2.689662e-01 -1.648185e-01 -1.032103e-01
	endloop
endfacet
facet normal -2.425356e-01 -9.701425e-01 0.000000e+00
	outer loop
		vertex 2.689662e-01 -1.648185e-01 -1.032103e-01
		vertex 1.291953e-01 -1.325822e-01 -1.229438e-01
		vertex 1.291953e-01 -1.325822e-01 -1.229438e-01
	endloop
endfacet
facet normal 0.000000e+00 0.000000e+00 0.000000e+00
	outer loop
		vertex 1.291953e-01 -1.325822e-01 -1.229438e-01
		vertex 1.291953e-01 -1.325822e-01 -1.229438e-01
		vertex 2.689662e-01 -1.648185e-01 -1.032103e-01
	endloop
endfacet
facet normal -2.425356e-01 -9.701425e-01 0.000000e+00
	outer loop
		vertex 1.291953e-01 -1.325822e-01 -1.229438e-01
		vertex 2.689662e-01 -1.648185e-01 -1.032103e-01
		vertex 2.689662e-01 -1.648185e-01 -1.032103e-01
	endloop
endfacet
facet normal -2.425356e-01 -9.701425e-01 0.000000e+00
	outer loop
		vertex 2.689662e-01 -1.648185e-01 -1.032103e-01
		vertex 1.291953e-01 -1.325822e-01 -1.229438e-01
		vertex 1.291953e-01 -1.325822e-01 -1.229438e-01
	endloop
endfacet
facet normal -1.961161e-01 -9.805807e-01 0.000000e+00
	outer loop
		vertex 1.291953e-01 -1.325822e-01 -1.229438e-01
		vertex 2.689662e-01 -1.648185e-01 -1.032103e-01
		vertex 2.689662e-01 -1.648185e-01 -1.032103e-01
	endloop
endfacet
facet normal -2.425356e-01 -9.701425e-01 0.000000e+00
	outer loop
		vertex 2.689662e-01 -1.648185e-01 -1.032103e-01
		vertex 1.291953e-01 -1.325822e-01 -1.229438e-01
		vertex 1.291953e-01 -1.325822e-01 -1.229438e-01
	endloop
endfacet
facet normal 0.000000e+00 0.000000e+00 0.000000e+00
	outer loop
		vertex 1.291953e-01 -1.325822e-01 -1.229438e-01
		vertex 1.291953e-01 -1.325822e-01 -1.229438e-01
		vertex 2.689662e-01 -1.648185e-01 -1.032103e-01
	endloop
endfacet
facet normal 0.000000e+00 -5.220944e-01 -8.528877e-01
	outer loop
		vertex 1.291953e-01 -1.325822e-01 -1.229438e-01
		vertex 1.291953e-01 -1.325822e-01 -1.229438e-01
		vertex 2.689662e-01 -1.648185e-01 -1.032103e-01
	endloop
endfacet
facet normal -2.425356e-01 -9.701425e-01 0.000000e+00
	outer loop
		vertex 1.291953e-01 -1.325822e-01 -1.229438e-01
		vertex 2.689662e-01 -1.648185e-01 -1.032103e-01
		vertex 2.689662e-01 -1.648185e-01 -1.032103e-01
	endloop
endfacet
facet normal -2.425356e-01 -9.701425e-01 0.000000e+00
	outer loop
		vertex 2.689662e-01 -1.648185e-01 -1.032103e-01
		vertex 1.291953e-01 -1.325822e-01 -1.229438e-01
		vertex 1.291953e-01 -1.325822e-01 -1.229438e-01
	endloop
endfacet
facet normal -1.961161e-01 -9.805807e-01 0.000000e+00
	outer loop
		vertex 1.291953e-01 -1.325822e-01 -1.229438e-01
		vertex 2.689662e-01 -1.648185e-01 -1.032103e-01
		vertex 2.689662e-01 -1.648185e-01 -1.032103e-01
	endloop
endfacet
facet normal -2.425356e-01 -9.701425e-01 0.000000e+00
	outer loop
		vertex 2.689662e-01 -1.648185e-01 -1.032103e-01
		vertex 1.291953e-01 -1.325822e-01 -1.229438e-01
		vertex 1.291953e-01 -1.325822e-01 -1.229438e-01
	endloop
endfacet
facet normal 0.000000e+00 0.000000e+00 0.000000e+00
	outer loop
		vertex 1.291953e-01 -1.325822e-01 -1.229438e-01
		vertex 1.291953e-01 -1.325822e-01 -1.229438e-01
		vertex 2.689662e-01 -1.648185e-01 -1.032103e-01
	endloop
endfacet
facet normal -2.425356e-01 -9.701425e-01 0.000000e+00
	outer loop
		vertex 1.291953e-01 -1.325822e-01 -1.229438e-01
		vertex 2.689662e-01 -1.648185e-01 -1.032103e-01
		vertex 2.689662e-01 -1.648185e-01 -1.032103e-01
	endloop
endfacet
facet normal -2.425356e-01 -9.701425e-01 0.000000e+00
	outer loop
		vertex 2.689662e-01 -1.648185e-01 -1.032103e-01
		vertex 1.291953e-01 -1.325822e-01 -1.229438e-01
		vertex 1.291953e-01 -1.325822e-01 -1.229438e-01
	endloop
endfacet
facet normal -1.961161e-01 -9.805807e-01 0.000000e+00
	outer loop
		vertex 1.291953e-01 -1.325822e-01 -1.229438e-01
		vertex 2.689662e-01 -1.648185e-01 -1.032103e-01
		vertex 2.689662e-01 -1.648185e-01 -1.032103e-01
	endloop
endfacet
facet normal -2.425356e-01 -9.701425e-01 0.000000e+00
	outer loop
		vertex 2.689662e-01 -1.648185e-01 -1.032103e-01
		vertex 1.291953e-01 -1.325822e-01 -1.229438e-01
		vertex 1.291953e-01 -1.325822e-01 -1.229438e-01
	endloop
endfacet
facet normal 0.000000e+00 0.000000e+00 0.000000e+00
	outer loop
		vertex 1.291953e-01 -1.325822e-01 -1.229438e-01
		vertex 1.291953e-01 -1.325822e-01 -1.229438e-01
		vertex 2.689662e-01 -1.648185e-01 -1.032103e-01
	endloop
endfacet
facet normal 3.327761e-16 -5.220944e-01 -8.528877e-01
	outer loop
		vertex 1.291953e-01 -1.325822e-01 -1.229438e-01
		vertex 1.285257e-01 -1.308125e-01 -1.240271e-01
		vertex 2.689662e-01 -1.648185e-01 -1.032103e-01
	endloop
endfacet
facet normal 4.663779e-14 -5.220944e-01 8.528877e-01
	outer loop
		vertex 4.998184e-01 -4.453706e-01 -4.767371e-01
		vertex 2.755034e-01 -3.490821e-02 -2.254729e-01
		vertex 2.745790e-01 -3.547951e-02 -2.258226e-01
	endloop
endfacet
facet normal 0.000000e+00 0.000000e+00 0.000000e+00
	outer loop
		vertex 2.745790e-01 -3.547951e-02 -2.258226e-01
		vertex 2.755034e-01 -3.490821e-02 -2.254729e-01
		vertex 2.755034e-01 -3.490821e-02 -2.254729e-01
	endloop
endfacet
facet normal 4.485014e-16 5.220944e-01 8.528877e-01
	outer loop
		vertex 2.752833e-01 -3.504425e-02 -1.826515e-01
		vertex 3.004024e-01 -8.172619e-02 -1.540752e-01
		vertex 3.204590e-01 -2.871256e-02 -1.865275e-01
	endloop
endfacet
facet normal 5.261333e-16 5.220944e-01 8.528877e-01
	outer loop
		vertex 3.204590e-01 -2.871256e-02 -1.865275e-01
		vertex 3.002155e-01 -1.963528e-02 -1.920841e-01
		vertex 2.752833e-01 -3.504425e-02 -1.826515e-01
	endloop
endfacet
facet normal -5.257311e-01 8.506508e-01 1.355783e-16
	outer loop
		vertex 2.752833e-01 -3.504425e-02 -1.826515e-01
		vertex 3.002155e-01 -1.963528e-02 -1.920841e-01
		vertex 2.755034e-01 -3.490821e-02 -2.254729e-01
	endloop
endfacet
facet normal -8.669420e-16 -5.220944e-01 8.528877e-01
	outer loop
		vertex 3.314477e-01 -3.327358e-04 -2.043075e-01
		vertex 2.755034e-01 -3.490821e-02 -2.254729e-01
		vertex 4.998184e-01 -4.453706e-01 -4.767371e-01
	endloop
endfacet
facet normal 0.000000e+00 0.000000e+00 0.000000e+00
	outer loop
		vertex 3.314477e-01 -3.327358e-04 -2.043075e-01
		vertex 2.755034e-01 -3.490821e-02 -2.254729e-01
		vertex 2.755034e-01 -3.490821e-02 -2.254729e-01
	endloop
endfacet
facet normal 5.257311e-01 -8.506508e-01 2.753595e-13
	outer loop
		vertex 3.314477e-01 -3.327358e-04 -2.043075e-01
		vertex 3.313421e-01 -3.979755e-04 -2.041367e-01
		vertex 2.755034e-01 -3.490821e-02 -2.254729e-01
	endloop
endfacet
facet normal 7.623155e-16 5.220944e-01 8.528877e-01
	outer loop
		vertex 3.311191e-01 -5.358222e-04 -2.037758e-01
		vertex 3.002155e-01 -1.963528e-02 -1.920841e-01
		vertex 3.204590e-01 -2.871256e-02 -1.865275e-01
	endloop
endfacet
facet normal 5.257311e-01 -8.506508e-01 -1.396588e-15
	outer loop
		vertex 3.311191e-01 -5.358222e-04 -2.037758e-01
		vertex 3.002155e-01 -1.963528e-02 -1.920841e-01
		vertex 2.755034e-01 -3.490821e-02 -2.254729e-01
	endloop
endfacet
facet normal -5.257311e-01 8.506508e-01 1.475750e-13
	outer loop
		vertex 3.311191e-01 -5.358222e-04 -2.037758e-01
		vertex 3.313421e-01 -3.979755e-04 -2.041367e-01
		vertex 2.755034e-01 -3.490821e-02 -2.254729e-01
	endloop
endfacet
facet normal 2.436911e-02 -5.494126e-01 8.351958e-01
	outer loop
		vertex 1.482303e-01 -1.135673e-01 -2.736240e-01
		vertex 1.532394e-01 -1.104716e-01 -2.717289e-01
		vertex 2.755034e-01 -3.490821e-02 -2.254729e-01
	endloop
endfacet
facet normal -9.083207e-03 5.327211e-01 -8.462421e-01
	outer loop
		vertex 1.482303e-01 -1.135673e-01 -2.736240e-01
		vertex 1.481260e-01 -1.136318e-01 -2.736634e-01
		vertex 2.755034e-01 -3.490821e-02 -2.254729e-01
	endloop
endfacet
facet normal 5.345005e-01 -4.136815e-01 -7.370053e-01
	outer loop
		vertex 1.481032e-01 -1.136459e-01 -2.736721e-01
		vertex 1.481260e-01 -1.136318e-01 -2.736634e-01
		vertex 2.755034e-01 -3.490821e-02 -2.254729e-01
	endloop
endfacet
facet normal -1.246134e-15 -5.220944e-01 -8.528877e-01
	outer loop
		vertex 2.312747e-01 -6.224306e-02 -1.660018e-01
		vertex 2.322208e-01 -6.165835e-02 -1.663597e-01
		vertex 2.990459e-01 -8.531180e-02 -1.518803e-01
	endloop
endfacet
facet normal -5.257311e-01 8.506508e-01 -3.841988e-14
	outer loop
		vertex 2.312747e-01 -6.224306e-02 -1.660018e-01
		vertex 2.322208e-01 -6.165835e-02 -1.663597e-01
		vertex 2.755034e-01 -3.490821e-02 -2.254729e-01
	endloop
endfacet
facet normal 6.011465e-15 -5.220944e-01 -8.528877e-01
	outer loop
		vertex 2.312747e-01 -6.224306e-02 -1.660018e-01
		vertex 2.990459e-01 -8.531180e-02 -1.518803e-01
		vertex 2.982091e-01 -8.752367e-02 -1.505263e-01
	endloop
endfacet
facet normal 8.225016e-15 -5.220944e-01 -8.528877e-01
	outer loop
		vertex 2.982091e-01 -8.752367e-02 -1.505263e-01
		vertex 2.295035e-01 -6.333772e-02 -1.653317e-01
		vertex 2.312747e-01 -6.224306e-02 -1.660018e-01
	endloop
endfacet
facet normal 5.257311e-01 -8.506508e-01 -1.218376e-14
	outer loop
		vertex 2.312747e-01 -6.224306e-02 -1.660018e-01
		vertex 2.295035e-01 -6.333772e-02 -1.653317e-01
		vertex 2.755034e-01 -3.490821e-02 -2.254729e-01
	endloop
endfacet
facet normal -1.722480e-14 -5.220944e-01 -8.528877e-01
	outer loop
		vertex 2.293874e-01 -6.340948e-02 -1.652878e-01
		vertex 2.295035e-01 -6.333772e-02 -1.653317e-01
		vertex 2.982091e-01 -8.752367e-02 -1.505263e-01
	endloop
endfacet
facet normal -5.257311e-01 8.506508e-01 8.102632e-14
	outer loop
		vertex 2.293874e-01 -6.340948e-02 -1.652878e-01
		vertex 2.295035e-01 -6.333772e-02 -1.653317e-01
		vertex 2.755034e-01 -3.490821e-02 -2.254729e-01
	endloop
endfacet
facet normal 1.325873e-01 -6.657181e-01 7.343297e-01
	outer loop
		vertex 1.613143e-01 -1.054809e-01 -2.686739e-01
		vertex 1.532394e-01 -1.104716e-01 -2.717289e-01
		vertex 2.755034e-01 -3.490821e-02 -2.254729e-01
	endloop
endfacet
facet normal -4.316368e-02 5.714334e-01 -8.195125e-01
	outer loop
		vertex 1.613143e-01 -1.054809e-01 -2.686739e-01
		vertex 1.614973e-01 -1.053679e-01 -2.686047e-01
		vertex 2.755034e-01 -3.490821e-02 -2.254729e-01
	endloop
endfacet
facet normal 4.353845e-01 -1.624272e-01 -8.854703e-01
	outer loop
		vertex 1.615044e-01 -1.053635e-01 -2.686020e-01
		vertex 1.614973e-01 -1.053679e-01 -2.686047e-01
		vertex 2.755034e-01 -3.490821e-02 -2.254729e-01
	endloop
endfacet
facet normal 4.989280e-15 5.220944e-01 8.528877e-01
	outer loop
		vertex 2.338214e-01 -6.066914e-02 -1.669653e-01
		vertex 2.322208e-01 -6.165835e-02 -1.663597e-01
		vertex 2.990459e-01 -8.531180e-02 -1.518803e-01
	endloop
endfacet
facet normal 5.257311e-01 -8.506508e-01 -1.794863e-14
	outer loop
		vertex 2.338214e-01 -6.066914e-02 -1.669653e-01
		vertex 2.322208e-01 -6.165835e-02 -1.663597e-01
		vertex 2.755034e-01 -3.490821e-02 -2.254729e-01
	endloop
endfacet
facet normal 3.459444e-15 5.220944e-01 8.528877e-01
	outer loop
		vertex 2.338214e-01 -6.066914e-02 -1.669653e-01
		vertex 2.990459e-01 -8.531180e-02 -1.518803e-01
		vertex 3.004024e-01 -8.172619e-02 -1.540752e-01
	endloop
endfacet
facet normal 2.793528e-15 5.220944e-01 8.528877e-01
	outer loop
		vertex 3.004024e-01 -8.172619e-02 -1.540752e-01
		vertex 2.367480e-01 -5.886035e-02 -1.680725e-01
		vertex 2.338214e-01 -6.066914e-02 -1.669653e-01
	endloop
endfacet
facet normal -5.257311e-01 8.506508e-01 -3.133713e-15
	outer loop
		vertex 2.338214e-01 -6.066914e-02 -1.669653e-01
		vertex 2.367480e-01 -5.886035e-02 -1.680725e-01
		vertex 2.755034e-01 -3.490821e-02 -2.254729e-01
	endloop
endfacet
facet normal -7.952579e-14 5.220944e-01 8.528877e-01
	outer loop
		vertex 2.367841e-01 -5.883809e-02 -1.680862e-01
		vertex 2.367480e-01 -5.886035e-02 -1.680725e-01
		vertex 3.004024e-01 -8.172619e-02 -1.540752e-01
	endloop
endfacet
facet normal 5.257311e-01 -8.506508e-01 -1.191046e-13
	outer loop
		vertex 2.367841e-01 -5.883809e-02 -1.680862e-01
		vertex 2.367480e-01 -5.886035e-02 -1.680725e-01
		vertex 2.755034e-01 -3.490821e-02 -2.254729e-01
	endloop
endfacet
facet normal 3.294501e-01 -8.185095e-01 4.706430e-01
	outer loop
		vertex 5.572593e-02 -1.707382e-01 -3.086211e-01
		vertex 4.992601e-02 -1.743227e-01 -3.108153e-01
		vertex 2.755034e-01 -3.490821e-02 -2.254729e-01
	endloop
endfacet
facet normal 1.530135e-01 -6.841240e-01 7.131348e-01
	outer loop
		vertex 5.572593e-02 -1.707382e-01 -3.086211e-01
		vertex 5.575455e-02 -1.707205e-01 -3.086102e-01
		vertex 2.755034e-01 -3.490821e-02 -2.254729e-01
	endloop
endfacet
facet normal 3.281419e-01 4.652139e-02 -9.434822e-01
	outer loop
		vertex 5.586585e-02 -1.706517e-01 -3.085681e-01
		vertex 5.575455e-02 -1.707205e-01 -3.086102e-01
		vertex 2.755034e-01 -3.490821e-02 -2.254729e-01
	endloop
endfacet
facet normal -5.057806e-15 5.220944e-01 8.528877e-01
	outer loop
		vertex 1.766973e-01 -9.597377e-02 -1.453536e-01
		vertex 1.755787e-01 -9.666507e-02 -1.449304e-01
		vertex 2.830717e-01 -1.275348e-01 -1.260335e-01
	endloop
endfacet
facet normal 5.257311e-01 -8.506508e-01 -1.492772e-13
	outer loop
		vertex 1.766973e-01 -9.597377e-02 -1.453536e-01
		vertex 1.755787e-01 -9.666507e-02 -1.449304e-01
		vertex 2.755034e-01 -3.490821e-02 -2.254729e-01
	endloop
endfacet
facet normal -3.391608e-16 5.220944e-01 8.528877e-01
	outer loop
		vertex 1.766973e-01 -9.597377e-02 -1.453536e-01
		vertex 2.830717e-01 -1.275348e-01 -1.260335e-01
		vertex 2.839435e-01 -1.252304e-01 -1.274442e-01
	endloop
endfacet
facet normal 0.000000e+00 5.220944e-01 8.528877e-01
	outer loop
		vertex 2.839435e-01 -1.252304e-01 -1.274442e-01
		vertex 1.778130e-01 -9.528419e-02 -1.457757e-01
		vertex 1.766973e-01 -9.597377e-02 -1.453536e-01
	endloop
endfacet
facet normal -5.257311e-01 8.506508e-01 3.940716e-14
	outer loop
		vertex 1.766973e-01 -9.597377e-02 -1.453536e-01
		vertex 1.778130e-01 -9.528419e-02 -1.457757e-01
		vertex 2.755034e-01 -3.490821e-02 -2.254729e-01
	endloop
endfacet
facet normal 3.983243e-15 5.220944e-01 8.528877e-01
	outer loop
		vertex 1.788154e-01 -9.466472e-02 -1.461549e-01
		vertex 1.778130e-01 -9.528419e-02 -1.457757e-01
		vertex 2.839435e-01 -1.252304e-01 -1.274442e-01
	endloop
endfacet
facet normal 5.257311e-01 -8.506508e-01 1.345600e-14
	outer loop
		vertex 1.788154e-01 -9.466472e-02 -1.461549e-01
		vertex 1.778130e-01 -9.528419e-02 -1.457757e-01
		vertex 2.755034e-01 -3.490821e-02 -2.254729e-01
	endloop
endfacet
facet normal 2.141765e-01 -7.710353e-01 5.996941e-01
	outer loop
		vertex 1.466138e-01 -1.145664e-01 -2.742355e-01
		vertex 5.586585e-02 -1.706517e-01 -3.085681e-01
		vertex 2.755034e-01 -3.490821e-02 -2.254729e-01
	endloop
endfacet
facet normal 2.656033e-01 1.531608e-01 -9.518386e-01
	outer loop
		vertex 1.466138e-01 -1.145664e-01 -2.742355e-01
		vertex 1.478339e-01 -1.138123e-01 -2.737739e-01
		vertex 2.755034e-01 -3.490821e-02 -2.254729e-01
	endloop
endfacet
facet normal 5.207376e-01 -8.535166e-01 1.848772e-02
	outer loop
		vertex 1.481032e-01 -1.136459e-01 -2.736721e-01
		vertex 1.478339e-01 -1.138123e-01 -2.737739e-01
		vertex 2.755034e-01 -3.490821e-02 -2.254729e-01
	endloop
endfacet
facet normal 1.537556e-16 5.220944e-01 8.528877e-01
	outer loop
		vertex 2.008477e-01 -8.104797e-02 -1.544904e-01
		vertex 1.788154e-01 -9.466472e-02 -1.461549e-01
		vertex 2.839435e-01 -1.252304e-01 -1.274442e-01
	endloop
endfacet
facet normal 5.257311e-01 -8.506508e-01 -3.526050e-15
	outer loop
		vertex 2.008477e-01 -8.104797e-02 -1.544904e-01
		vertex 1.788154e-01 -9.466472e-02 -1.461549e-01
		vertex 2.755034e-01 -3.490821e-02 -2.254729e-01
	endloop
endfacet
facet normal 2.641263e-16 5.220944e-01 8.528877e-01
	outer loop
		vertex 2.008477e-01 -8.104797e-02 -1.544904e-01
		vertex 2.839435e-01 -1.252304e-01 -1.274442e-01
		vertex 2.982091e-01 -8.752367e-02 -1.505263e-01
	endloop
endfacet
facet normal 2.788457e-16 5.220944e-01 8.528877e-01
	outer loop
		vertex 2.982091e-01 -8.752367e-02 -1.505263e-01
		vertex 2.269698e-01 -6.490363e-02 -1.643731e-01
		vertex 2.008477e-01 -8.104797e-02 -1.544904e-01
	endloop
endfacet
facet normal -5.257311e-01 8.506508e-01 -9.913339e-16
	outer loop
		vertex 2.008477e-01 -8.104797e-02 -1.544904e-01
		vertex 2.269698e-01 -6.490363e-02 -1.643731e-01
		vertex 2.755034e-01 -3.490821e-02 -2.254729e-01
	endloop
endfacet
facet normal -7.891034e-16 5.220944e-01 8.528877e-01
	outer loop
		vertex 2.293874e-01 -6.340948e-02 -1.652878e-01
		vertex 2.269698e-01 -6.490363e-02 -1.643731e-01
		vertex 2.982091e-01 -8.752367e-02 -1.505263e-01
	endloop
endfacet
facet normal 5.257311e-01 -8.506508e-01 1.528607e-14
	outer loop
		vertex 2.293874e-01 -6.340948e-02 -1.652878e-01
		vertex 2.269698e-01 -6.490363e-02 -1.643731e-01
		vertex 2.755034e-01 -3.490821e-02 -2.254729e-01
	endloop
endfacet
facet normal -1.352925e-01 -3.478951e-01 9.277203e-01
	outer loop
		vertex 1.615044e-01 -1.053635e-01 -2.686020e-01
		vertex 2.745790e-01 -3.547951e-02 -2.258226e-01
		vertex 2.755034e-01 -3.490821e-02 -2.254729e-01
	endloop
endfacet
facet normal -5.405586e-16 -5.220944e-01 -8.528877e-01
	outer loop
		vertex 2.367841e-01 -5.883809e-02 -1.680862e-01
		vertex 2.752833e-01 -3.504425e-02 -1.826515e-01
		vertex 3.004024e-01 -8.172619e-02 -1.540752e-01
	endloop
endfacet
facet normal -5.257311e-01 8.506508e-01 1.121049e-16
	outer loop
		vertex 2.367841e-01 -5.883809e-02 -1.680862e-01
		vertex 2.752833e-01 -3.504425e-02 -1.826515e-01
		vertex 2.755034e-01 -3.490821e-02 -2.254729e-01
	endloop
endfacet
facet normal -7.344318e-16 5.220944e-01 8.528877e-01
	outer loop
		vertex 1.755787e-01 -9.666507e-02 -1.449304e-01
		vertex 1.603747e-01 -1.060616e-01 -1.391783e-01
		vertex 2.830717e-01 -1.275348e-01 -1.260335e-01
	endloop
endfacet
facet normal 5.257311e-01 -8.506508e-01 1.419350e-16
	outer loop
		vertex 1.755787e-01 -9.666507e-02 -1.449304e-01
		vertex 1.603747e-01 -1.060616e-01 -1.391783e-01
		vertex 2.755034e-01 -3.490821e-02 -2.254729e-01
	endloop
endfacet
facet normal 5.877162e-16 -5.220944e-01 -8.528877e-01
	outer loop
		vertex 1.603747e-01 -1.060616e-01 -1.391783e-01
		vertex 2.830717e-01 -1.275348e-01 -1.260335e-01
		vertex 2.689662e-01 -1.648185e-01 -1.032103e-01
	endloop
endfacet
facet normal 4.041676e-16 -5.220944e-01 -8.528877e-01
	outer loop
		vertex 2.689662e-01 -1.648185e-01 -1.032103e-01
		vertex 1.494687e-01 -1.128020e-01 -1.350522e-01
		vertex 1.603747e-01 -1.060616e-01 -1.391783e-01
	endloop
endfacet
facet normal 5.257311e-01 -8.506508e-01 2.176558e-15
	outer loop
		vertex 1.603747e-01 -1.060616e-01 -1.391783e-01
		vertex 1.494687e-01 -1.128020e-01 -1.350522e-01
		vertex 2.755034e-01 -3.490821e-02 -2.254729e-01
	endloop
endfacet
facet normal 4.564194e-16 -5.220944e-01 -8.528877e-01
	outer loop
		vertex 1.494687e-01 -1.128020e-01 -1.350522e-01
		vertex 2.689662e-01 -1.648185e-01 -1.032103e-01
		vertex 1.285257e-01 -1.308125e-01 -1.240271e-01
	endloop
endfacet
facet normal 2.028001e-15 5.220944e-01 8.528877e-01
	outer loop
		vertex 1.285257e-01 -1.308125e-01 -1.240271e-01
		vertex 1.494687e-01 -1.128020e-01 -1.350522e-01
		vertex 1.269720e-01 -1.267057e-01 -1.265411e-01
	endloop
endfacet
facet normal -5.257311e-01 8.506508e-01 4.604371e-15
	outer loop
		vertex 1.269720e-01 -1.267057e-01 -1.265411e-01
		vertex 1.494687e-01 -1.128020e-01 -1.350522e-01
		vertex 2.755034e-01 -3.490821e-02 -2.254729e-01
	endloop
endfacet
facet normal 5.257311e-01 -8.506508e-01 4.101284e-15
	outer loop
		vertex 5.437859e-02 -1.715709e-01 -2.439997e-01
		vertex 5.280434e-02 -1.725438e-01 -2.465469e-01
		vertex 2.755034e-01 -3.490821e-02 -2.254729e-01
	endloop
endfacet
facet normal 5.257311e-01 -8.506508e-01 -3.211855e-13
	outer loop
		vertex 5.280434e-02 -1.725438e-01 -2.465469e-01
		vertex 5.262173e-02 -1.726567e-01 -2.468423e-01
		vertex 2.755034e-01 -3.490821e-02 -2.254729e-01
	endloop
endfacet
facet normal 5.257311e-01 -8.506508e-01 -2.485392e-12
	outer loop
		vertex 5.262173e-02 -1.726567e-01 -2.468423e-01
		vertex 5.261460e-02 -1.726611e-01 -2.468539e-01
		vertex 2.755034e-01 -3.490821e-02 -2.254729e-01
	endloop
endfacet
facet normal 5.257311e-01 -8.506508e-01 -1.694677e-11
	outer loop
		vertex 5.261460e-02 -1.726611e-01 -2.468539e-01
		vertex 5.261375e-02 -1.726616e-01 -2.468553e-01
		vertex 2.755034e-01 -3.490821e-02 -2.254729e-01
	endloop
endfacet
facet normal -5.257311e-01 8.506508e-01 3.182927e-15
	outer loop
		vertex 6.220204e-02 -1.667357e-01 -2.313411e-01
		vertex 6.361128e-02 -1.658648e-01 -2.290609e-01
		vertex 2.755034e-01 -3.490821e-02 -2.254729e-01
	endloop
endfacet
facet normal -5.257311e-01 8.506508e-01 5.185644e-13
	outer loop
		vertex 6.361128e-02 -1.658648e-01 -2.290609e-01
		vertex 6.375759e-02 -1.657743e-01 -2.288241e-01
		vertex 2.755034e-01 -3.490821e-02 -2.254729e-01
	endloop
endfacet
facet normal -5.257311e-01 8.506508e-01 -2.049443e-14
	outer loop
		vertex 6.375759e-02 -1.657743e-01 -2.288241e-01
		vertex 6.392796e-02 -1.656690e-01 -2.285485e-01
		vertex 2.755034e-01 -3.490821e-02 -2.254729e-01
	endloop
endfacet
facet normal -5.257311e-01 8.506508e-01 2.832925e-12
	outer loop
		vertex 6.392796e-02 -1.656690e-01 -2.285485e-01
		vertex 6.394516e-02 -1.656584e-01 -2.285206e-01
		vertex 2.755034e-01 -3.490821e-02 -2.254729e-01
	endloop
endfacet
facet normal -5.257311e-01 8.506508e-01 -5.401109e-17
	outer loop
		vertex 5.437859e-02 -1.715709e-01 -2.439997e-01
		vertex 5.689519e-02 -1.700155e-01 -2.399277e-01
		vertex 2.755034e-01 -3.490821e-02 -2.254729e-01
	endloop
endfacet
facet normal -5.257311e-01 8.506508e-01 -2.920739e-13
	outer loop
		vertex 5.689519e-02 -1.700155e-01 -2.399277e-01
		vertex 5.721351e-02 -1.698188e-01 -2.394127e-01
		vertex 2.755034e-01 -3.490821e-02 -2.254729e-01
	endloop
endfacet
facet normal -5.257311e-01 8.506508e-01 7.664799e-13
	outer loop
		vertex 5.721351e-02 -1.698188e-01 -2.394127e-01
		vertex 5.721572e-02 -1.698174e-01 -2.394091e-01
		vertex 2.755034e-01 -3.490821e-02 -2.254729e-01
	endloop
endfacet
facet normal -5.257311e-01 8.506508e-01 5.007501e-11
	outer loop
		vertex 5.721572e-02 -1.698174e-01 -2.394091e-01
		vertex 5.721599e-02 -1.698173e-01 -2.394087e-01
		vertex 2.755034e-01 -3.490821e-02 -2.254729e-01
	endloop
endfacet
facet normal 5.257311e-01 -8.506508e-01 -6.218935e-15
	outer loop
		vertex 6.220204e-02 -1.667357e-01 -2.313411e-01
		vertex 5.973225e-02 -1.682621e-01 -2.353373e-01
		vertex 2.755034e-01 -3.490821e-02 -2.254729e-01
	endloop
endfacet
facet normal 5.257311e-01 -8.506508e-01 4.380128e-14
	outer loop
		vertex 5.973225e-02 -1.682621e-01 -2.353373e-01
		vertex 5.945839e-02 -1.684314e-01 -2.357804e-01
		vertex 2.755034e-01 -3.490821e-02 -2.254729e-01
	endloop
endfacet
facet normal 5.257311e-01 -8.506508e-01 -1.738737e-14
	outer loop
		vertex 5.945839e-02 -1.684314e-01 -2.357804e-01
		vertex 5.940135e-02 -1.684666e-01 -2.358727e-01
		vertex 2.755034e-01 -3.490821e-02 -2.254729e-01
	endloop
endfacet
facet normal 5.257311e-01 -8.506508e-01 4.101858e-12
	outer loop
		vertex 5.940135e-02 -1.684666e-01 -2.358727e-01
		vertex 5.939472e-02 -1.684707e-01 -2.358834e-01
		vertex 2.755034e-01 -3.490821e-02 -2.254729e-01
	endloop
endfacet
facet normal -5.257311e-01 8.506508e-01 6.408379e-15
	outer loop
		vertex 1.864362e-02 -1.936563e-01 -3.018201e-01
		vertex 2.044650e-02 -1.925421e-01 -2.989029e-01
		vertex 2.755034e-01 -3.490821e-02 -2.254729e-01
	endloop
endfacet
facet normal -5.257311e-01 8.506508e-01 2.456858e-13
	outer loop
		vertex 2.044650e-02 -1.925421e-01 -2.989029e-01
		vertex 2.067271e-02 -1.924023e-01 -2.985369e-01
		vertex 2.755034e-01 -3.490821e-02 -2.254729e-01
	endloop
endfacet
facet normal -5.257311e-01 8.506508e-01 4.694741e-13
	outer loop
		vertex 2.067271e-02 -1.924023e-01 -2.985369e-01
		vertex 2.070768e-02 -1.923807e-01 -2.984804e-01
		vertex 2.755034e-01 -3.490821e-02 -2.254729e-01
	endloop
endfacet
facet normal -5.257311e-01 8.506508e-01 3.664301e-12
	outer loop
		vertex 2.070768e-02 -1.923807e-01 -2.984804e-01
		vertex 2.071164e-02 -1.923782e-01 -2.984739e-01
		vertex 2.755034e-01 -3.490821e-02 -2.254729e-01
	endloop
endfacet
facet normal 5.257311e-01 -8.506508e-01 8.982486e-15
	outer loop
		vertex 9.705442e-02 -1.451958e-01 -1.749488e-01
		vertex 9.604056e-02 -1.458224e-01 -1.765892e-01
		vertex 2.755034e-01 -3.490821e-02 -2.254729e-01
	endloop
endfacet
facet normal 5.257311e-01 -8.506508e-01 -1.626922e-12
	outer loop
		vertex 9.604056e-02 -1.458224e-01 -1.765892e-01
		vertex 9.600752e-02 -1.458428e-01 -1.766427e-01
		vertex 2.755034e-01 -3.490821e-02 -2.254729e-01
	endloop
endfacet
facet normal 5.257311e-01 -8.506508e-01 1.345985e-14
	outer loop
		vertex 9.600752e-02 -1.458428e-01 -1.766427e-01
		vertex 9.509360e-02 -1.464076e-01 -1.781214e-01
		vertex 2.755034e-01 -3.490821e-02 -2.254729e-01
	endloop
endfacet
facet normal 5.257311e-01 -8.506508e-01 -1.434943e-12
	outer loop
		vertex 9.509360e-02 -1.464076e-01 -1.781214e-01
		vertex 9.506257e-02 -1.464268e-01 -1.781716e-01
		vertex 2.755034e-01 -3.490821e-02 -2.254729e-01
	endloop
endfacet
facet normal -5.257311e-01 8.506508e-01 4.457730e-17
	outer loop
		vertex 2.071164e-02 -1.923782e-01 -2.984739e-01
		vertex 4.510515e-02 -1.773022e-01 -2.590044e-01
		vertex 2.755034e-01 -3.490821e-02 -2.254729e-01
	endloop
endfacet
facet normal -5.257311e-01 8.506508e-01 -3.519956e-15
	outer loop
		vertex 4.510515e-02 -1.773022e-01 -2.590044e-01
		vertex 5.251932e-02 -1.727200e-01 -2.470081e-01
		vertex 2.755034e-01 -3.490821e-02 -2.254729e-01
	endloop
endfacet
facet normal -5.257311e-01 8.506508e-01 -2.350905e-13
	outer loop
		vertex 5.251932e-02 -1.727200e-01 -2.470081e-01
		vertex 5.260362e-02 -1.726679e-01 -2.468716e-01
		vertex 2.755034e-01 -3.490821e-02 -2.254729e-01
	endloop
endfacet
facet normal -5.257311e-01 8.506508e-01 -2.982527e-12
	outer loop
		vertex 5.260362e-02 -1.726679e-01 -2.468716e-01
		vertex 5.261375e-02 -1.726616e-01 -2.468553e-01
		vertex 2.755034e-01 -3.490821e-02 -2.254729e-01
	endloop
endfacet
facet normal 5.257311e-01 -8.506508e-01 -8.454360e-17
	outer loop
		vertex 9.506257e-02 -1.464268e-01 -1.781716e-01
		vertex 6.933864e-02 -1.623251e-01 -2.197938e-01
		vertex 2.755034e-01 -3.490821e-02 -2.254729e-01
	endloop
endfacet
facet normal 5.257311e-01 -8.506508e-01 9.954604e-15
	outer loop
		vertex 6.933864e-02 -1.623251e-01 -2.197938e-01
		vertex 6.770010e-02 -1.633377e-01 -2.224450e-01
		vertex 2.755034e-01 -3.490821e-02 -2.254729e-01
	endloop
endfacet
facet normal 5.257311e-01 -8.506508e-01 -6.144458e-15
	outer loop
		vertex 6.770010e-02 -1.633377e-01 -2.224450e-01
		vertex 6.427127e-02 -1.654569e-01 -2.279930e-01
		vertex 2.755034e-01 -3.490821e-02 -2.254729e-01
	endloop
endfacet
facet normal 5.257311e-01 -8.506508e-01 7.825587e-14
	outer loop
		vertex 6.427127e-02 -1.654569e-01 -2.279930e-01
		vertex 6.394516e-02 -1.656584e-01 -2.285206e-01
		vertex 2.755034e-01 -3.490821e-02 -2.254729e-01
	endloop
endfacet
facet normal -5.257311e-01 8.506508e-01 7.668658e-15
	outer loop
		vertex 5.721599e-02 -1.698173e-01 -2.394087e-01
		vertex 5.819084e-02 -1.692148e-01 -2.378313e-01
		vertex 2.755034e-01 -3.490821e-02 -2.254729e-01
	endloop
endfacet
facet normal -5.257311e-01 8.506508e-01 2.379123e-13
	outer loop
		vertex 5.819084e-02 -1.692148e-01 -2.378313e-01
		vertex 5.831036e-02 -1.691409e-01 -2.376380e-01
		vertex 2.755034e-01 -3.490821e-02 -2.254729e-01
	endloop
endfacet
facet normal 5.257311e-01 -8.506508e-01 -4.695130e-15
	outer loop
		vertex 5.939472e-02 -1.684707e-01 -2.358834e-01
		vertex 5.842489e-02 -1.690701e-01 -2.374526e-01
		vertex 2.755034e-01 -3.490821e-02 -2.254729e-01
	endloop
endfacet
facet normal 5.257311e-01 -8.506508e-01 8.937681e-14
	outer loop
		vertex 5.842489e-02 -1.690701e-01 -2.374526e-01
		vertex 5.831036e-02 -1.691409e-01 -2.376380e-01
		vertex 2.755034e-01 -3.490821e-02 -2.254729e-01
	endloop
endfacet
facet normal -4.332891e-01 8.665782e-01 -2.475938e-01
	outer loop
		vertex 1.841001e-03 -2.040409e-01 -3.290073e-01
		vertex 4.992601e-02 -1.743227e-01 -3.108153e-01
		vertex 2.755034e-01 -3.490821e-02 -2.254729e-01
	endloop
endfacet
facet normal 5.257311e-01 -8.506508e-01 -1.941478e-15
	outer loop
		vertex 1.864362e-02 -1.936563e-01 -3.018201e-01
		vertex 1.841001e-03 -2.040409e-01 -3.290073e-01
		vertex 2.755034e-01 -3.490821e-02 -2.254729e-01
	endloop
endfacet
facet normal 5.257311e-01 -8.506508e-01 -1.379673e-16
	outer loop
		vertex 1.092076e-01 -1.376847e-01 -1.552845e-01
		vertex 9.738528e-02 -1.449913e-01 -1.744134e-01
		vertex 2.755034e-01 -3.490821e-02 -2.254729e-01
	endloop
endfacet
facet normal 5.257311e-01 -8.506508e-01 -1.230381e-13
	outer loop
		vertex 9.738528e-02 -1.449913e-01 -1.744134e-01
		vertex 9.705442e-02 -1.451958e-01 -1.749488e-01
		vertex 2.755034e-01 -3.490821e-02 -2.254729e-01
	endloop
endfacet
facet normal -8.506508e-01 -2.572532e-15 5.257311e-01
	outer loop
		vertex 1.285257e-01 -1.308125e-01 -1.240271e-01
		vertex 1.269720e-01 -1.267057e-01 -1.265411e-01
		vertex 1.092076e-01 -1.376847e-01 -1.552845e-01
	endloop
endfacet
facet normal -5.257311e-01 8.506508e-01 1.530304e-16
	outer loop
		vertex 1.092076e-01 -1.376847e-01 -1.552845e-01
		vertex 1.269720e-01 -1.267057e-01 -1.265411e-01
		vertex 2.755034e-01 -3.490821e-02 -2.254729e-01
	endloop
endfacet
facet normal 8.506508e-01 6.522274e-16 5.257311e-01
	outer loop
		vertex 3.076528e-01 -3.953186e-01 -1.658066e-01
		vertex 2.689662e-01 -1.648185e-01 -1.032103e-01
		vertex 2.553093e-01 -2.009164e-01 -8.111304e-02
	endloop
endfacet
facet normal -8.506508e-01 -8.527611e-16 -5.257311e-01
	outer loop
		vertex 2.553093e-01 -2.009164e-01 -8.111304e-02
		vertex 3.076528e-01 -3.953186e-01 -1.658066e-01
		vertex 2.928039e-01 -3.861415e-01 -1.417806e-01
	endloop
endfacet
facet normal 0.000000e+00 0.000000e+00 0.000000e+00
	outer loop
		vertex 2.928039e-01 -3.861415e-01 -1.417806e-01
		vertex 3.076528e-01 -3.953186e-01 -1.658066e-01
		vertex 3.076528e-01 -3.953186e-01 -1.658066e-01
	endloop
endfacet
facet normal -8.506508e-01 8.231829e-15 -5.257311e-01
	outer loop
		vertex 3.324821e-01 -4.106640e-01 -2.059813e-01
		vertex 2.982091e-01 -8.752367e-02 -1.505263e-01
		vertex 2.990459e-01 -8.531180e-02 -1.518803e-01
	endloop
endfacet
facet normal 8.506508e-01 -6.838578e-15 5.257311e-01
	outer loop
		vertex 2.990459e-01 -8.531180e-02 -1.518803e-01
		vertex 3.324821e-01 -4.106640e-01 -2.059813e-01
		vertex 3.330840e-01 -4.110359e-01 -2.069551e-01
	endloop
endfacet
facet normal 6.486446e-01 7.526140e-01 1.132800e-01
	outer loop
		vertex 3.330840e-01 -4.110359e-01 -2.069551e-01
		vertex 3.324821e-01 -4.106640e-01 -2.059813e-01
		vertex 3.076528e-01 -3.953186e-01 -1.658066e-01
	endloop
endfacet
facet normal 8.506508e-01 5.216715e-15 5.257311e-01
	outer loop
		vertex 3.340488e-01 -4.116322e-01 -2.085162e-01
		vertex 3.004024e-01 -8.172619e-02 -1.540752e-01
		vertex 2.990459e-01 -8.531180e-02 -1.518803e-01
	endloop
endfacet
facet normal -8.506508e-01 -2.714604e-15 -5.257311e-01
	outer loop
		vertex 2.990459e-01 -8.531180e-02 -1.518803e-01
		vertex 3.340488e-01 -4.116322e-01 -2.085162e-01
		vertex 3.330840e-01 -4.110359e-01 -2.069551e-01
	endloop
endfacet
facet normal -3.836068e-01 7.582403e-01 -5.271789e-01
	outer loop
		vertex 3.330840e-01 -4.110359e-01 -2.069551e-01
		vertex 3.340488e-01 -4.116322e-01 -2.085162e-01
		vertex 3.076528e-01 -3.953186e-01 -1.658066e-01
	endloop
endfacet
facet normal -9.922779e-01 -1.240347e-01 0.000000e+00
	outer loop
		vertex 3.076528e-01 -3.953186e-01 -1.658066e-01
		vertex 2.689662e-01 -1.648185e-01 -1.032103e-01
		vertex 2.689662e-01 -1.648185e-01 -1.032103e-01
	endloop
endfacet
facet normal 9.759001e-01 9.759001e-02 1.951800e-01
	outer loop
		vertex 2.689662e-01 -1.648185e-01 -1.032103e-01
		vertex 3.076528e-01 -3.953186e-01 -1.658066e-01
		vertex 3.076528e-01 -3.953186e-01 -1.658066e-01
	endloop
endfacet
facet normal -9.701425e-01 -2.425356e-01 0.000000e+00
	outer loop
		vertex 3.076528e-01 -3.953186e-01 -1.658066e-01
		vertex 2.689662e-01 -1.648185e-01 -1.032103e-01
		vertex 2.689662e-01 -1.648185e-01 -1.032103e-01
	endloop
endfacet
facet normal 9.759001e-01 9.759001e-02 1.951800e-01
	outer loop
		vertex 2.689662e-01 -1.648185e-01 -1.032103e-01
		vertex 3.076528e-01 -3.953186e-01 -1.658066e-01
		vertex 3.076528e-01 -3.953186e-01 -1.658066e-01
	endloop
endfacet
facet normal 0.000000e+00 0.000000e+00 0.000000e+00
	outer loop
		vertex 3.076528e-01 -3.953186e-01 -1.658066e-01
		vertex 3.076528e-01 -3.953186e-01 -1.658066e-01
		vertex 3.076528e-01 -3.953186e-01 -1.658066e-01
	endloop
endfacet
facet normal -8.506508e-01 7.286345e-17 -5.257311e-01
	outer loop
		vertex 3.076528e-01 -3.953186e-01 -1.658066e-01
		vertex 2.689662e-01 -1.648185e-01 -1.032103e-01
		vertex 2.830717e-01 -1.275348e-01 -1.260335e-01
	endloop
endfacet
facet normal 8.506508e-01 -2.433924e-16 5.257311e-01
	outer loop
		vertex 2.830717e-01 -1.275348e-01 -1.260335e-01
		vertex 3.076528e-01 -3.953186e-01 -1.658066e-01
		vertex 3.206329e-01 -4.033407e-01 -1.868087e-01
	endloop
endfacet
facet normal -8.196886e-01 -4.857414e-01 -3.035884e-01
	outer loop
		vertex 3.206329e-01 -4.033407e-01 -1.868087e-01
		vertex 3.076528e-01 -3.953186e-01 -1.658066e-01
		vertex 3.076528e-01 -3.953186e-01 -1.658066e-01
	endloop
endfacet
facet normal 8.506508e-01 7.620732e-15 5.257311e-01
	outer loop
		vertex 3.213689e-01 -4.037956e-01 -1.879997e-01
		vertex 2.839435e-01 -1.252304e-01 -1.274442e-01
		vertex 2.830717e-01 -1.275348e-01 -1.260335e-01
	endloop
endfacet
facet normal -8.506508e-01 -1.103665e-14 -5.257311e-01
	outer loop
		vertex 2.830717e-01 -1.275348e-01 -1.260335e-01
		vertex 3.213689e-01 -4.037956e-01 -1.879997e-01
		vertex 3.206329e-01 -4.033407e-01 -1.868087e-01
	endloop
endfacet
facet normal 7.464924e-01 6.273407e-01 2.217944e-01
	outer loop
		vertex 3.206329e-01 -4.033407e-01 -1.868087e-01
		vertex 3.213689e-01 -4.037956e-01 -1.879997e-01
		vertex 3.076528e-01 -3.953186e-01 -1.658066e-01
	endloop
endfacet
facet normal 8.506508e-01 7.339742e-16 5.257311e-01
	outer loop
		vertex 3.324821e-01 -4.106640e-01 -2.059813e-01
		vertex 2.982091e-01 -8.752367e-02 -1.505263e-01
		vertex 2.839435e-01 -1.252304e-01 -1.274442e-01
	endloop
endfacet
facet normal -8.506508e-01 -8.835003e-16 -5.257311e-01
	outer loop
		vertex 2.839435e-01 -1.252304e-01 -1.274442e-01
		vertex 3.324821e-01 -4.106640e-01 -2.059813e-01
		vertex 3.213689e-01 -4.037956e-01 -1.879997e-01
	endloop
endfacet
facet normal 7.712549e-01 5.833851e-01 2.546130e-01
	outer loop
		vertex 3.213689e-01 -4.037956e-01 -1.879997e-01
		vertex 3.324821e-01 -4.106640e-01 -2.059813e-01
		vertex 3.076528e-01 -3.953186e-01 -1.658066e-01
	endloop
endfacet
facet normal -8.506508e-01 -2.972218e-16 -5.257311e-01
	outer loop
		vertex 5.337479e-01 -5.350531e-01 -5.316361e-01
		vertex 4.779285e-01 -5.005548e-01 -4.413183e-01
		vertex 4.998184e-01 -4.453706e-01 -4.767371e-01
	endloop
endfacet
facet normal 3.876941e-01 -7.753883e-01 4.984639e-01
	outer loop
		vertex 5.337479e-01 -5.350531e-01 -5.316361e-01
		vertex 4.779285e-01 -5.005548e-01 -4.413183e-01
		vertex 3.076528e-01 -3.953186e-01 -1.658066e-01
	endloop
endfacet
facet normal 8.506508e-01 2.467011e-17 5.257311e-01
	outer loop
		vertex 3.469128e-01 -4.195826e-01 -2.293306e-01
		vertex 3.204590e-01 -2.871256e-02 -1.865275e-01
		vertex 3.004024e-01 -8.172619e-02 -1.540752e-01
	endloop
endfacet
facet normal -8.506508e-01 -1.720137e-16 -5.257311e-01
	outer loop
		vertex 3.004024e-01 -8.172619e-02 -1.540752e-01
		vertex 3.469128e-01 -4.195826e-01 -2.293306e-01
		vertex 3.340488e-01 -4.116322e-01 -2.085162e-01
	endloop
endfacet
facet normal -8.046269e-01 1.788060e-01 -5.662190e-01
	outer loop
		vertex 3.340488e-01 -4.116322e-01 -2.085162e-01
		vertex 3.469128e-01 -4.195826e-01 -2.293306e-01
		vertex 3.076528e-01 -3.953186e-01 -1.658066e-01
	endloop
endfacet
facet normal 8.506508e-01 -5.486766e-16 5.257311e-01
	outer loop
		vertex 2.056189e-01 -3.322582e-01 -7.123057e-04
		vertex 2.928039e-01 -3.861415e-01 -1.417806e-01
		vertex 2.553093e-01 -2.009164e-01 -8.111304e-02
	endloop
endfacet
facet normal 4.040610e-01 9.091373e-01 -1.010153e-01
	outer loop
		vertex 2.056189e-01 -3.322582e-01 -7.123057e-04
		vertex 2.928039e-01 -3.861415e-01 -1.417806e-01
		vertex 3.076528e-01 -3.953186e-01 -1.658066e-01
	endloop
endfacet
facet normal 8.506508e-01 -5.164015e-16 5.257311e-01
	outer loop
		vertex 2.056189e-01 -3.322582e-01 -7.123057e-04
		vertex 2.928039e-01 -3.861415e-01 -1.417806e-01
		vertex 2.553093e-01 -2.009164e-01 -8.111304e-02
	endloop
endfacet
facet normal 5.292561e-01 8.468098e-01 -5.292561e-02
	outer loop
		vertex 2.056189e-01 -3.322582e-01 -7.123057e-04
		vertex 2.928039e-01 -3.861415e-01 -1.417806e-01
		vertex 3.076528e-01 -3.953186e-01 -1.658066e-01
	endloop
endfacet
facet normal 1.225082e-16 -5.220944e-01 -8.528877e-01
	outer loop
		vertex 2.044698e-01 -3.315480e-01 -1.147064e-03
		vertex 1.588982e-01 -2.110932e-01 -7.488334e-02
		vertex 2.553093e-01 -2.009164e-01 -8.111304e-02
	endloop
endfacet
facet normal 7.944916e-15 -5.220944e-01 -8.528877e-01
	outer loop
		vertex 2.553093e-01 -2.009164e-01 -8.111304e-02
		vertex 2.056189e-01 -3.322582e-01 -7.123057e-04
		vertex 2.044698e-01 -3.315480e-01 -1.147064e-03
	endloop
endfacet
facet normal 5.257311e-01 8.506508e-01 -6.402548e-15
	outer loop
		vertex 2.044698e-01 -3.315480e-01 -1.147064e-03
		vertex 2.056189e-01 -3.322582e-01 -7.123057e-04
		vertex 3.076528e-01 -3.953186e-01 -1.658066e-01
	endloop
endfacet
facet normal -8.506508e-01 1.914304e-17 5.257311e-01
	outer loop
		vertex 1.381608e-01 -2.905668e-01 -1.084373e-01
		vertex 1.588982e-01 -2.110932e-01 -7.488334e-02
		vertex 1.478116e-01 -1.817890e-01 -9.282188e-02
	endloop
endfacet
facet normal -8.506508e-01 0.000000e+00 5.257311e-01
	outer loop
		vertex 1.478116e-01 -1.817890e-01 -9.282188e-02
		vertex 1.245661e-01 -2.821648e-01 -1.304339e-01
		vertex 1.381608e-01 -2.905668e-01 -1.084373e-01
	endloop
endfacet
facet normal -5.257311e-01 -8.506508e-01 -1.513882e-15
	outer loop
		vertex 1.381608e-01 -2.905668e-01 -1.084373e-01
		vertex 1.245661e-01 -2.821648e-01 -1.304339e-01
		vertex 3.076528e-01 -3.953186e-01 -1.658066e-01
	endloop
endfacet
facet normal 8.506508e-01 -2.288777e-15 -5.257311e-01
	outer loop
		vertex 1.245661e-01 -2.821648e-01 -1.304339e-01
		vertex 1.240642e-01 -2.818546e-01 -1.312460e-01
		vertex 1.478116e-01 -1.817890e-01 -9.282188e-02
	endloop
endfacet
facet normal -5.257311e-01 -8.506508e-01 -8.661536e-14
	outer loop
