solid MIKE666
facet normal 0.000000e+00 0.000000e+00 0.000000e+00
	outer loop
		vertex 2.051787e-01 3.334218e-01 0.000000e+00
		vertex 2.051787e-01 3.334218e-01 2.098468e-17
		vertex 2.051787e-01 3.334218e-01 2.098468e-17
	endloop
endfacet
facet normal 0.000000e+00 0.000000e+00 0.000000e+00
	outer loop
		vertex 2.044698e-01 3.315480e-01 1.147064e-03
		vertex 2.051787e-01 3.334218e-01 2.098468e-17
		vertex 2.051787e-01 3.334218e-01 2.098468e-17
	endloop
endfacet
facet normal 9.363292e-01 -3.511234e-01 0.000000e+00
	outer loop
		vertex 2.051787e-01 3.334218e-01 2.098468e-17
		vertex 2.044698e-01 3.315480e-01 1.147064e-03
		vertex 2.044698e-01 3.315480e-01 1.147064e-03
	endloop
endfacet
facet normal 0.000000e+00 0.000000e+00 0.000000e+00
	outer loop
		vertex 2.044698e-01 3.315480e-01 1.147064e-03
		vertex 2.051787e-01 3.334218e-01 2.098468e-17
		vertex 2.051787e-01 3.334218e-01 2.098468e-17
	endloop
endfacet
facet normal 9.363292e-01 -3.511234e-01 0.000000e+00
	outer loop
		vertex 2.051787e-01 3.334218e-01 2.098468e-17
		vertex 2.044698e-01 3.315480e-01 1.147064e-03
		vertex 2.044698e-01 3.315480e-01 1.147064e-03
	endloop
endfacet
facet normal 0.000000e+00 0.000000e+00 0.000000e+00
	outer loop
		vertex 2.044698e-01 3.315480e-01 1.147064e-03
		vertex 2.044698e-01 3.315480e-01 1.147064e-03
		vertex 2.044698e-01 3.315480e-01 1.147064e-03
	endloop
endfacet
facet normal 0.000000e+00 0.000000e+00 0.000000e+00
	outer loop
		vertex 2.044698e-01 3.315480e-01 1.147064e-03
		vertex 2.051787e-01 3.334218e-01 2.098468e-17
		vertex 2.051787e-01 3.334218e-01 2.098468e-17
	endloop
endfacet
facet normal 0.000000e+00 0.000000e+00 0.000000e+00
	outer loop
		vertex 2.051787e-01 3.334218e-01 2.098468e-17
		vertex 2.044698e-01 3.315480e-01 1.147064e-03
		vertex 2.044698e-01 3.315480e-01 1.147064e-03
	endloop
endfacet
facet normal 0.000000e+00 0.000000e+00 0.000000e+00
	outer loop
		vertex 2.044698e-01 3.315480e-01 1.147064e-03
		vertex 2.051787e-01 3.334218e-01 2.098468e-17
		vertex 2.051787e-01 3.334218e-01 2.098468e-17
	endloop
endfacet
facet normal 0.000000e+00 0.000000e+00 0.000000e+00
	outer loop
		vertex 2.051787e-01 3.334218e-01 2.098468e-17
		vertex 2.044698e-01 3.315480e-01 1.147064e-03
		vertex 2.044698e-01 3.315480e-01 1.147064e-03
	endloop
endfacet
facet normal 0.000000e+00 0.000000e+00 0.000000e+00
	outer loop
		vertex 2.044698e-01 3.315480e-01 1.147064e-03
		vertex 2.044698e-01 3.315480e-01 1.147064e-03
		vertex 2.044698e-01 3.315480e-01 1.147064e-03
	endloop
endfacet
facet normal 0.000000e+00 0.000000e+00 0.000000e+00
	outer loop
		vertex 2.056189e-01 3.322582e-01 7.123057e-04
		vertex 2.051787e-01 3.334218e-01 2.098468e-17
		vertex 2.051787e-01 3.334218e-01 2.098468e-17
	endloop
endfacet
facet normal -9.353226e-01 -3.537960e-01 0.000000e+00
	outer loop
		vertex 2.051787e-01 3.334218e-01 2.098468e-17
		vertex 2.056189e-01 3.322582e-01 7.123057e-04
		vertex 2.056189e-01 3.322582e-01 7.123057e-04
	endloop
endfacet
facet normal 0.000000e+00 0.000000e+00 0.000000e+00
	outer loop
		vertex 2.056189e-01 3.322582e-01 7.123057e-04
		vertex 2.051787e-01 3.334218e-01 2.098468e-17
		vertex 2.051787e-01 3.334218e-01 2.098468e-17
	endloop
endfacet
facet normal -9.353226e-01 -3.537960e-01 0.000000e+00
	outer loop
		vertex 2.051787e-01 3.334218e-01 2.098468e-17
		vertex 2.056189e-01 3.322582e-01 7.123057e-04
		vertex 2.056189e-01 3.322582e-01 7.123057e-04
	endloop
endfacet
facet normal -5.257311e-01 8.506508e-01 0.000000e+00
	outer loop
		vertex 2.056189e-01 3.322582e-01 7.123057e-04
		vertex 2.056189e-01 3.322582e-01 7.123057e-04
		vertex 2.044698e-01 3.315480e-01 1.147064e-03
	endloop
endfacet
facet normal 0.000000e+00 0.000000e+00 0.000000e+00
	outer loop
		vertex 2.044698e-01 3.315480e-01 1.147064e-03
		vertex 2.051787e-01 3.334218e-01 2.098468e-17
		vertex 2.051787e-01 3.334218e-01 2.098468e-17
	endloop
endfacet
facet normal 9.363292e-01 -3.511234e-01 0.000000e+00
	outer loop
		vertex 2.051787e-01 3.334218e-01 2.098468e-17
		vertex 2.044698e-01 3.315480e-01 1.147064e-03
		vertex 2.044698e-01 3.315480e-01 1.147064e-03
	endloop
endfacet
facet normal 0.000000e+00 0.000000e+00 0.000000e+00
	outer loop
		vertex 2.044698e-01 3.315480e-01 1.147064e-03
		vertex 2.051787e-01 3.334218e-01 2.098468e-17
		vertex 2.051787e-01 3.334218e-01 2.098468e-17
	endloop
endfacet
facet normal 9.363292e-01 -3.511234e-01 0.000000e+00
	outer loop
		vertex 2.051787e-01 3.334218e-01 2.098468e-17
		vertex 2.044698e-01 3.315480e-01 1.147064e-03
		vertex 2.044698e-01 3.315480e-01 1.147064e-03
	endloop
endfacet
facet normal 0.000000e+00 0.000000e+00 0.000000e+00
	outer loop
		vertex 2.044698e-01 3.315480e-01 1.147064e-03
		vertex 2.044698e-01 3.315480e-01 1.147064e-03
		vertex 2.044698e-01 3.315480e-01 1.147064e-03
	endloop
endfacet
facet normal 1.839087e-14 -5.220944e-01 -8.528877e-01
	outer loop
		vertex 2.056189e-01 3.322582e-01 7.123057e-04
		vertex 2.044698e-01 3.315480e-01 1.147064e-03
		vertex 2.051787e-01 3.334218e-01 2.098468e-17
	endloop
endfacet
facet normal -5.252098e-01 8.509728e-01 0.000000e+00
	outer loop
		vertex 2.056189e-01 3.322582e-01 7.123057e-04
		vertex 2.044698e-01 3.315480e-01 1.147064e-03
		vertex 2.044698e-01 3.315480e-01 1.147064e-03
	endloop
endfacet
facet normal 3.213491e-01 -4.029938e-01 -8.569310e-01
	outer loop
		vertex 2.056189e-01 3.322582e-01 7.123057e-04
		vertex 2.056189e-01 3.322582e-01 7.123057e-04
		vertex 2.051787e-01 3.334218e-01 2.098468e-17
	endloop
endfacet
facet normal -2.313946e-01 7.521323e-01 6.170523e-01
	outer loop
		vertex 2.056189e-01 3.322582e-01 7.123057e-04
		vertex 2.056189e-01 3.322582e-01 7.123057e-04
		vertex 2.044698e-01 3.315480e-01 1.147064e-03
	endloop
endfacet
facet normal 0.000000e+00 0.000000e+00 0.000000e+00
	outer loop
		vertex 2.044698e-01 3.315480e-01 1.147064e-03
		vertex 2.051787e-01 3.334218e-01 2.098468e-17
		vertex 2.051787e-01 3.334218e-01 2.098468e-17
	endloop
endfacet
facet normal 9.363292e-01 -3.511234e-01 0.000000e+00
	outer loop
		vertex 2.051787e-01 3.334218e-01 2.098468e-17
		vertex 2.044698e-01 3.315480e-01 1.147064e-03
		vertex 2.044698e-01 3.315480e-01 1.147064e-03
	endloop
endfacet
facet normal 0.000000e+00 0.000000e+00 0.000000e+00
	outer loop
		vertex 2.044698e-01 3.315480e-01 1.147064e-03
		vertex 2.051787e-01 3.334218e-01 2.098468e-17
		vertex 2.051787e-01 3.334218e-01 2.098468e-17
	endloop
endfacet
facet normal 9.363292e-01 -3.511234e-01 0.000000e+00
	outer loop
		vertex 2.051787e-01 3.334218e-01 2.098468e-17
		vertex 2.044698e-01 3.315480e-01 1.147064e-03
		vertex 2.044698e-01 3.315480e-01 1.147064e-03
	endloop
endfacet
facet normal 0.000000e+00 0.000000e+00 0.000000e+00
	outer loop
		vertex 2.044698e-01 3.315480e-01 1.147064e-03
		vertex 2.044698e-01 3.315480e-01 1.147064e-03
		vertex 2.044698e-01 3.315480e-01 1.147064e-03
	endloop
endfacet
facet normal 1.839087e-14 -5.220944e-01 -8.528877e-01
	outer loop
		vertex 2.056189e-01 3.322582e-01 7.123057e-04
		vertex 2.044698e-01 3.315480e-01 1.147064e-03
		vertex 2.051787e-01 3.334218e-01 2.098468e-17
	endloop
endfacet
facet normal -5.252098e-01 8.509728e-01 0.000000e+00
	outer loop
		vertex 2.056189e-01 3.322582e-01 7.123057e-04
		vertex 2.044698e-01 3.315480e-01 1.147064e-03
		vertex 2.044698e-01 3.315480e-01 1.147064e-03
	endloop
endfacet
facet normal 3.213491e-01 -4.029938e-01 -8.569310e-01
	outer loop
		vertex 2.056189e-01 3.322582e-01 7.123057e-04
		vertex 2.056189e-01 3.322582e-01 7.123057e-04
		vertex 2.051787e-01 3.334218e-01 2.098468e-17
	endloop
endfacet
facet normal -2.313946e-01 7.521323e-01 6.170523e-01
	outer loop
		vertex 2.056189e-01 3.322582e-01 7.123057e-04
		vertex 2.056189e-01 3.322582e-01 7.123057e-04
		vertex 2.044698e-01 3.315480e-01 1.147064e-03
	endloop
endfacet
facet normal 0.000000e+00 0.000000e+00 0.000000e+00
	outer loop
		vertex 2.056189e-01 3.322582e-01 7.123057e-04
		vertex 2.051787e-01 3.334218e-01 2.098468e-17
		vertex 2.051787e-01 3.334218e-01 2.098468e-17
	endloop
endfacet
facet normal -9.353226e-01 -3.537960e-01 0.000000e+00
	outer loop
		vertex 2.051787e-01 3.334218e-01 2.098468e-17
		vertex 2.056189e-01 3.322582e-01 7.123057e-04
		vertex 2.056189e-01 3.322582e-01 7.123057e-04
	endloop
endfacet
facet normal 0.000000e+00 0.000000e+00 0.000000e+00
	outer loop
		vertex 2.056189e-01 3.322582e-01 7.123057e-04
		vertex 2.051787e-01 3.334218e-01 2.098468e-17
		vertex 2.051787e-01 3.334218e-01 2.098468e-17
	endloop
endfacet
facet normal -9.353226e-01 -3.537960e-01 0.000000e+00
	outer loop
		vertex 2.051787e-01 3.334218e-01 2.098468e-17
		vertex 2.056189e-01 3.322582e-01 7.123057e-04
		vertex 2.056189e-01 3.322582e-01 7.123057e-04
	endloop
endfacet
facet normal -5.257311e-01 8.506508e-01 0.000000e+00
	outer loop
		vertex 2.056189e-01 3.322582e-01 7.123057e-04
		vertex 2.056189e-01 3.322582e-01 7.123057e-04
		vertex 2.044698e-01 3.315480e-01 1.147064e-03
	endloop
endfacet
facet normal 9.053306e-01 4.100175e-01 1.107347e-01
	outer loop
		vertex 2.056189e-01 3.322582e-01 7.123057e-04
		vertex 2.051787e-01 3.334218e-01 0.000000e+00
		vertex 2.051787e-01 3.334218e-01 2.098468e-17
	endloop
endfacet
facet normal -9.202344e-01 -3.864315e-01 -6.196301e-02
	outer loop
		vertex 2.051787e-01 3.334218e-01 2.098468e-17
		vertex 2.056189e-01 3.322582e-01 7.123057e-04
		vertex 2.056189e-01 3.322582e-01 7.123057e-04
	endloop
endfacet
facet normal 9.050601e-01 4.105736e-01 1.108849e-01
	outer loop
		vertex 2.056189e-01 3.322582e-01 7.123057e-04
		vertex 2.051787e-01 3.334218e-01 0.000000e+00
		vertex 2.051787e-01 3.334218e-01 2.098468e-17
	endloop
endfacet
facet normal -9.202344e-01 -3.864315e-01 -6.196301e-02
	outer loop
		vertex 2.051787e-01 3.334218e-01 2.098468e-17
		vertex 2.056189e-01 3.322582e-01 7.123057e-04
		vertex 2.056189e-01 3.322582e-01 7.123057e-04
	endloop
endfacet
facet normal -5.599635e-01 5.030530e-01 -6.583149e-01
	outer loop
		vertex 2.056189e-01 3.322582e-01 7.123057e-04
		vertex 2.056189e-01 3.322582e-01 7.123057e-04
		vertex 2.044698e-01 3.315480e-01 1.147064e-03
	endloop
endfacet
facet normal 9.353016e-01 -3.538517e-01 0.000000e+00
	outer loop
		vertex 2.044698e-01 3.315480e-01 1.147064e-03
		vertex 2.044698e-01 3.315480e-01 1.147064e-03
		vertex 2.051787e-01 3.334218e-01 2.098468e-17
	endloop
endfacet
facet normal 0.000000e+00 0.000000e+00 0.000000e+00
	outer loop
		vertex 2.044698e-01 3.315480e-01 1.147064e-03
		vertex 2.044698e-01 3.315480e-01 1.147064e-03
		vertex 2.044698e-01 3.315480e-01 1.147064e-03
	endloop
endfacet
facet normal 0.000000e+00 0.000000e+00 0.000000e+00
	outer loop
		vertex 2.044698e-01 3.315480e-01 1.147064e-03
		vertex 2.044698e-01 3.315480e-01 1.147064e-03
		vertex 2.051787e-01 3.334218e-01 2.098468e-17
	endloop
endfacet
facet normal 0.000000e+00 0.000000e+00 0.000000e+00
	outer loop
		vertex 2.044698e-01 3.315480e-01 1.147064e-03
		vertex 2.044698e-01 3.315480e-01 1.147064e-03
		vertex 2.044698e-01 3.315480e-01 1.147064e-03
	endloop
endfacet
facet normal 9.353016e-01 -3.538517e-01 0.000000e+00
	outer loop
		vertex 2.044698e-01 3.315480e-01 1.147064e-03
		vertex 2.044698e-01 3.315480e-01 1.147064e-03
		vertex 2.051787e-01 3.334218e-01 2.098468e-17
	endloop
endfacet
facet normal 0.000000e+00 0.000000e+00 0.000000e+00
	outer loop
		vertex 2.044698e-01 3.315480e-01 1.147064e-03
		vertex 2.044698e-01 3.315480e-01 1.147064e-03
		vertex 2.044698e-01 3.315480e-01 1.147064e-03
	endloop
endfacet
facet normal 0.000000e+00 0.000000e+00 0.000000e+00
	outer loop
		vertex 2.044698e-01 3.315480e-01 1.147064e-03
		vertex 2.044698e-01 3.315480e-01 1.147064e-03
		vertex 2.051787e-01 3.334218e-01 2.098468e-17
	endloop
endfacet
facet normal 0.000000e+00 0.000000e+00 0.000000e+00
	outer loop
		vertex 2.044698e-01 3.315480e-01 1.147064e-03
		vertex 2.044698e-01 3.315480e-01 1.147064e-03
		vertex 2.044698e-01 3.315480e-01 1.147064e-03
	endloop
endfacet
facet normal 7.431844e-01 1.218335e-01 6.579009e-01
	outer loop
		vertex 2.044698e-01 3.315480e-01 1.147064e-03
		vertex 2.051787e-01 3.334218e-01 0.000000e+00
		vertex 2.051787e-01 3.334218e-01 2.098468e-17
	endloop
endfacet
facet normal 8.357158e-01 2.062389e-02 5.487748e-01
	outer loop
		vertex 2.051787e-01 3.334218e-01 2.098468e-17
		vertex 2.044698e-01 3.315480e-01 1.147064e-03
		vertex 2.044698e-01 3.315480e-01 1.147064e-03
	endloop
endfacet
facet normal 7.425631e-01 1.222326e-01 6.585281e-01
	outer loop
		vertex 2.044698e-01 3.315480e-01 1.147064e-03
		vertex 2.051787e-01 3.334218e-01 0.000000e+00
		vertex 2.051787e-01 3.334218e-01 2.098468e-17
	endloop
endfacet
facet normal 8.357158e-01 2.062389e-02 5.487748e-01
	outer loop
		vertex 2.051787e-01 3.334218e-01 2.098468e-17
		vertex 2.044698e-01 3.315480e-01 1.147064e-03
		vertex 2.044698e-01 3.315480e-01 1.147064e-03
	endloop
endfacet
facet normal -7.071068e-01 7.071068e-01 0.000000e+00
	outer loop
		vertex 2.044698e-01 3.315480e-01 1.147064e-03
		vertex 2.044698e-01 3.315480e-01 1.147064e-03
		vertex 2.044698e-01 3.315480e-01 1.147064e-03
	endloop
endfacet
facet normal 0.000000e+00 0.000000e+00 0.000000e+00
	outer loop
		vertex 2.044698e-01 3.315480e-01 1.147064e-03
		vertex 2.044698e-01 3.315480e-01 1.147064e-03
		vertex 2.051787e-01 3.334218e-01 2.098468e-17
	endloop
endfacet
facet normal 0.000000e+00 0.000000e+00 0.000000e+00
	outer loop
		vertex 2.044698e-01 3.315480e-01 1.147064e-03
		vertex 2.044698e-01 3.315480e-01 1.147064e-03
		vertex 2.044698e-01 3.315480e-01 1.147064e-03
	endloop
endfacet
facet normal 7.418162e-01 1.221097e-01 6.593921e-01
	outer loop
		vertex 2.044698e-01 3.315480e-01 1.147064e-03
		vertex 2.051787e-01 3.334218e-01 0.000000e+00
		vertex 2.051787e-01 3.334218e-01 2.098468e-17
	endloop
endfacet
facet normal 8.357309e-01 1.972755e-02 5.487847e-01
	outer loop
		vertex 2.051787e-01 3.334218e-01 2.098468e-17
		vertex 2.044698e-01 3.315480e-01 1.147064e-03
		vertex 2.044698e-01 3.315480e-01 1.147064e-03
	endloop
endfacet
facet normal 7.425631e-01 1.222326e-01 6.585281e-01
	outer loop
		vertex 2.044698e-01 3.315480e-01 1.147064e-03
		vertex 2.051787e-01 3.334218e-01 0.000000e+00
		vertex 2.051787e-01 3.334218e-01 2.098468e-17
	endloop
endfacet
facet normal 8.357309e-01 1.972755e-02 5.487847e-01
	outer loop
		vertex 2.051787e-01 3.334218e-01 2.098468e-17
		vertex 2.044698e-01 3.315480e-01 1.147064e-03
		vertex 2.044698e-01 3.315480e-01 1.147064e-03
	endloop
endfacet
facet normal -7.071068e-01 7.071068e-01 0.000000e+00
	outer loop
		vertex 2.044698e-01 3.315480e-01 1.147064e-03
		vertex 2.044698e-01 3.315480e-01 1.147064e-03
		vertex 2.044698e-01 3.315480e-01 1.147064e-03
	endloop
endfacet
facet normal 0.000000e+00 0.000000e+00 0.000000e+00
	outer loop
		vertex 2.044698e-01 3.315480e-01 1.147064e-03
		vertex 2.044698e-01 3.315480e-01 1.147064e-03
		vertex 2.051787e-01 3.334218e-01 2.098468e-17
	endloop
endfacet
facet normal 0.000000e+00 0.000000e+00 0.000000e+00
	outer loop
		vertex 2.044698e-01 3.315480e-01 1.147064e-03
		vertex 2.044698e-01 3.315480e-01 1.147064e-03
		vertex 2.044698e-01 3.315480e-01 1.147064e-03
	endloop
endfacet
facet normal 8.506508e-01 5.469063e-17 5.257311e-01
	outer loop
		vertex 2.044698e-01 3.315480e-01 1.147064e-03
		vertex 2.051787e-01 3.319861e-01 1.392933e-19
		vertex 2.051787e-01 3.334218e-01 0.000000e+00
	endloop
endfacet
facet normal 5.773503e-01 5.773502e-01 5.773503e-01
	outer loop
		vertex 2.044698e-01 3.315480e-01 1.147064e-03
		vertex 2.051787e-01 3.319861e-01 1.392933e-19
		vertex 2.044698e-01 3.315480e-01 1.147064e-03
	endloop
endfacet
facet normal -8.506508e-01 5.100737e-17 5.257311e-01
	outer loop
		vertex 2.051787e-01 3.319861e-01 1.392933e-19
		vertex 2.056189e-01 3.322582e-01 7.123057e-04
		vertex 2.051787e-01 3.334218e-01 0.000000e+00
	endloop
endfacet
facet normal 5.257311e-01 -8.506508e-01 -3.990784e-15
	outer loop
		vertex 2.051787e-01 3.319861e-01 1.392933e-19
		vertex 2.056189e-01 3.322582e-01 7.123057e-04
		vertex 2.044698e-01 3.315480e-01 1.147064e-03
	endloop
endfacet
endsolid MIKE666
