solid MIKE666
facet normal 1.367586e-16 -5.220944e-01 -8.528877e-01
	outer loop
		vertex -8.183592e-02 7.401862e-03 1.995728e-01
		vertex -7.903558e-02 6.561130e-17 2.041038e-01
		vertex -3.302470e-01 0.000000e+00 2.041038e-01
	endloop
endfacet
facet normal 0.000000e+00 5.248887e-01 8.511709e-01
	outer loop
		vertex -8.183592e-02 7.401862e-03 1.995728e-01
		vertex -7.903558e-02 6.561130e-17 2.041038e-01
		vertex -7.903558e-02 6.561130e-17 2.041038e-01
	endloop
endfacet
facet normal -3.292649e-15 5.220944e-01 8.528877e-01
	outer loop
		vertex -3.311191e-01 5.358222e-04 2.037758e-01
		vertex -3.313218e-01 1.042629e-16 2.041038e-01
		vertex -3.302470e-01 1.110223e-16 2.041038e-01
	endloop
endfacet
facet normal -4.061263e-15 5.220944e-01 8.528877e-01
	outer loop
		vertex -3.302470e-01 1.110223e-16 2.041038e-01
		vertex -3.298469e-01 1.322115e-03 2.032945e-01
		vertex -3.311191e-01 5.358222e-04 2.037758e-01
	endloop
endfacet
facet normal 0.000000e+00 0.000000e+00 0.000000e+00
	outer loop
		vertex -3.311191e-01 5.358222e-04 2.037758e-01
		vertex -3.298469e-01 1.322115e-03 2.032945e-01
		vertex -3.298469e-01 1.322115e-03 2.032945e-01
	endloop
endfacet
facet normal 0.000000e+00 0.000000e+00 0.000000e+00
	outer loop
		vertex -3.311191e-01 5.358222e-04 2.037758e-01
		vertex -3.311191e-01 5.358222e-04 2.037758e-01
		vertex -3.313218e-01 1.042629e-16 2.041038e-01
	endloop
endfacet
facet normal 0.000000e+00 0.000000e+00 0.000000e+00
	outer loop
		vertex -3.311191e-01 5.358222e-04 2.037758e-01
		vertex -3.311191e-01 5.358222e-04 2.037758e-01
		vertex -3.298469e-01 1.322115e-03 2.032945e-01
	endloop
endfacet
facet normal 2.522117e-14 5.220944e-01 8.528877e-01
	outer loop
		vertex -3.297269e-01 1.396230e-03 2.032491e-01
		vertex -3.298469e-01 1.322115e-03 2.032945e-01
		vertex -3.302470e-01 1.110223e-16 2.041038e-01
	endloop
endfacet
facet normal 3.539508e-01 0.000000e+00 9.352641e-01
	outer loop
		vertex -3.297269e-01 1.396230e-03 2.032491e-01
		vertex -3.298469e-01 1.322115e-03 2.032945e-01
		vertex -3.298469e-01 1.322115e-03 2.032945e-01
	endloop
endfacet
facet normal -3.273906e-15 5.220944e-01 -8.528877e-01
	outer loop
		vertex -3.306159e-01 8.468267e-04 2.046222e-01
		vertex -3.302470e-01 1.110223e-16 2.041038e-01
		vertex -3.313218e-01 1.042629e-16 2.041038e-01
	endloop
endfacet
facet normal 1.672568e-14 -5.220944e-01 8.528877e-01
	outer loop
		vertex -3.313218e-01 1.042629e-16 2.041038e-01
		vertex -3.306159e-01 8.468267e-04 2.046222e-01
		vertex -3.314477e-01 3.327358e-04 2.043075e-01
	endloop
endfacet
facet normal -5.257311e-01 8.506508e-01 -2.809488e-15
	outer loop
		vertex -3.314477e-01 3.327358e-04 2.043075e-01
		vertex -3.306159e-01 8.468267e-04 2.046222e-01
		vertex -3.298469e-01 1.322115e-03 2.032945e-01
	endloop
endfacet
facet normal -8.506508e-01 -3.605300e-14 -5.257311e-01
	outer loop
		vertex -3.314477e-01 3.327358e-04 2.043075e-01
		vertex -3.311191e-01 5.358222e-04 2.037758e-01
		vertex -3.313218e-01 1.042629e-16 2.041038e-01
	endloop
endfacet
facet normal 5.257311e-01 -8.506508e-01 -1.381562e-14
	outer loop
		vertex -3.314477e-01 3.327358e-04 2.043075e-01
		vertex -3.311191e-01 5.358222e-04 2.037758e-01
		vertex -3.298469e-01 1.322115e-03 2.032945e-01
	endloop
endfacet
facet normal 8.600571e-15 -5.220944e-01 8.528877e-01
	outer loop
		vertex -3.194624e-01 7.740048e-03 2.088419e-01
		vertex -3.230573e-01 5.518320e-03 2.074819e-01
		vertex -3.302470e-01 1.110223e-16 2.041038e-01
	endloop
endfacet
facet normal 5.257311e-01 -8.506508e-01 9.906198e-16
	outer loop
		vertex -3.194624e-01 7.740048e-03 2.088419e-01
		vertex -3.230573e-01 5.518320e-03 2.074819e-01
		vertex -3.298469e-01 1.322115e-03 2.032945e-01
	endloop
endfacet
facet normal -5.452178e-15 -5.220944e-01 8.528877e-01
	outer loop
		vertex -2.563452e-01 4.674862e-02 2.327210e-01
		vertex -3.194624e-01 7.740048e-03 2.088419e-01
		vertex -3.302470e-01 0.000000e+00 2.041038e-01
	endloop
endfacet
facet normal 5.257311e-01 -8.506508e-01 -3.610918e-15
	outer loop
		vertex -2.563452e-01 4.674862e-02 2.327210e-01
		vertex -3.194624e-01 7.740048e-03 2.088419e-01
		vertex -3.298469e-01 1.322115e-03 2.032945e-01
	endloop
endfacet
facet normal 1.417315e-16 -5.220944e-01 8.528877e-01
	outer loop
		vertex -2.563452e-01 4.674862e-02 2.327210e-01
		vertex -3.302470e-01 0.000000e+00 2.041038e-01
		vertex -7.903558e-02 6.561130e-17 2.041038e-01
	endloop
endfacet
facet normal 1.128400e-16 -5.220944e-01 8.528877e-01
	outer loop
		vertex -7.903558e-02 6.561130e-17 2.041038e-01
		vertex -4.732639e-03 2.022538e-01 3.279133e-01
		vertex -2.563452e-01 4.674862e-02 2.327210e-01
	endloop
endfacet
facet normal -5.257311e-01 8.506508e-01 -3.623205e-15
	outer loop
		vertex -2.563452e-01 4.674862e-02 2.327210e-01
		vertex -4.732639e-03 2.022538e-01 3.279133e-01
		vertex -3.298469e-01 1.322115e-03 2.032945e-01
	endloop
endfacet
facet normal 7.619676e-15 5.220944e-01 -8.528877e-01
	outer loop
		vertex -4.732639e-03 2.022538e-01 3.279133e-01
		vertex -1.841001e-03 2.040409e-01 3.290073e-01
		vertex -7.903558e-02 6.561130e-17 2.041038e-01
	endloop
endfacet
facet normal -5.257311e-01 8.506508e-01 2.955647e-13
	outer loop
		vertex -4.732639e-03 2.022538e-01 3.279133e-01
		vertex -1.841001e-03 2.040409e-01 3.290073e-01
		vertex -3.298469e-01 1.322115e-03 2.032945e-01
	endloop
endfacet
facet normal 0.000000e+00 0.000000e+00 0.000000e+00
	outer loop
		vertex -1.841001e-03 2.040409e-01 3.290073e-01
		vertex -7.903558e-02 6.561130e-17 2.041038e-01
		vertex -7.903558e-02 6.561130e-17 2.041038e-01
	endloop
endfacet
facet normal 0.000000e+00 0.000000e+00 0.000000e+00
	outer loop
		vertex -7.903558e-02 6.561130e-17 2.041038e-01
		vertex -1.841001e-03 2.040409e-01 3.290073e-01
		vertex -1.841001e-03 2.040409e-01 3.290073e-01
	endloop
endfacet
facet normal 0.000000e+00 0.000000e+00 0.000000e+00
	outer loop
		vertex -1.841001e-03 2.040409e-01 3.290073e-01
		vertex -7.903558e-02 6.561130e-17 2.041038e-01
		vertex -7.903558e-02 6.561130e-17 2.041038e-01
	endloop
endfacet
facet normal 0.000000e+00 0.000000e+00 0.000000e+00
	outer loop
		vertex -7.903558e-02 6.561130e-17 2.041038e-01
		vertex -1.841001e-03 2.040409e-01 3.290073e-01
		vertex -1.841001e-03 2.040409e-01 3.290073e-01
	endloop
endfacet
facet normal 0.000000e+00 0.000000e+00 0.000000e+00
	outer loop
		vertex -1.841001e-03 2.040409e-01 3.290073e-01
		vertex -1.841001e-03 2.040409e-01 3.290073e-01
		vertex -3.298469e-01 1.322115e-03 2.032945e-01
	endloop
endfacet
facet normal 0.000000e+00 0.000000e+00 0.000000e+00
	outer loop
		vertex -1.841001e-03 2.040409e-01 3.290073e-01
		vertex -1.841001e-03 2.040409e-01 3.290073e-01
		vertex -7.903558e-02 6.561130e-17 2.041038e-01
	endloop
endfacet
facet normal 0.000000e+00 0.000000e+00 0.000000e+00
	outer loop
		vertex -1.841001e-03 2.040409e-01 3.290073e-01
		vertex -1.841001e-03 2.040409e-01 3.290073e-01
		vertex -3.298469e-01 1.322115e-03 2.032945e-01
	endloop
endfacet
facet normal 0.000000e+00 0.000000e+00 0.000000e+00
	outer loop
		vertex -1.841001e-03 2.040409e-01 3.290073e-01
		vertex -7.903558e-02 6.561130e-17 2.041038e-01
		vertex -7.903558e-02 6.561130e-17 2.041038e-01
	endloop
endfacet
facet normal 0.000000e+00 0.000000e+00 0.000000e+00
	outer loop
		vertex -7.903558e-02 6.561130e-17 2.041038e-01
		vertex -1.841001e-03 2.040409e-01 3.290073e-01
		vertex -1.841001e-03 2.040409e-01 3.290073e-01
	endloop
endfacet
facet normal 0.000000e+00 0.000000e+00 0.000000e+00
	outer loop
		vertex -1.841001e-03 2.040409e-01 3.290073e-01
		vertex -7.903558e-02 6.561130e-17 2.041038e-01
		vertex -7.903558e-02 6.561130e-17 2.041038e-01
	endloop
endfacet
facet normal 0.000000e+00 0.000000e+00 0.000000e+00
	outer loop
		vertex -7.903558e-02 6.561130e-17 2.041038e-01
		vertex -1.841001e-03 2.040409e-01 3.290073e-01
		vertex -1.841001e-03 2.040409e-01 3.290073e-01
	endloop
endfacet
facet normal 0.000000e+00 0.000000e+00 0.000000e+00
	outer loop
		vertex -1.841001e-03 2.040409e-01 3.290073e-01
		vertex -1.841001e-03 2.040409e-01 3.290073e-01
		vertex -3.298469e-01 1.322115e-03 2.032945e-01
	endloop
endfacet
facet normal 0.000000e+00 0.000000e+00 0.000000e+00
	outer loop
		vertex -1.841001e-03 2.040409e-01 3.290073e-01
		vertex -1.841001e-03 2.040409e-01 3.290073e-01
		vertex -7.903558e-02 6.561130e-17 2.041038e-01
	endloop
endfacet
facet normal 0.000000e+00 0.000000e+00 0.000000e+00
	outer loop
		vertex -1.841001e-03 2.040409e-01 3.290073e-01
		vertex -1.841001e-03 2.040409e-01 3.290073e-01
		vertex -3.298469e-01 1.322115e-03 2.032945e-01
	endloop
endfacet
facet normal 5.495777e-01 -5.774860e-01 6.037170e-01
	outer loop
		vertex -1.841001e-03 2.040409e-01 3.290073e-01
		vertex -1.841001e-03 2.040409e-01 3.290073e-01
		vertex -7.903558e-02 6.561130e-17 2.041038e-01
	endloop
endfacet
facet normal 5.831261e-01 -6.127379e-01 -5.334006e-01
	outer loop
		vertex -1.841001e-03 2.040409e-01 3.290073e-01
		vertex -1.841001e-03 2.040409e-01 3.290073e-01
		vertex -3.298469e-01 1.322115e-03 2.032945e-01
	endloop
endfacet
facet normal 8.506508e-01 3.509780e-17 -5.257311e-01
	outer loop
		vertex -8.052724e-02 1.554101e-01 2.016903e-01
		vertex -6.494473e-02 1.650406e-01 2.269033e-01
		vertex -7.903558e-02 6.561130e-17 2.041038e-01
	endloop
endfacet
facet normal 5.257311e-01 -8.506508e-01 5.260887e-16
	outer loop
		vertex -8.052724e-02 1.554101e-01 2.016903e-01
		vertex -6.494473e-02 1.650406e-01 2.269033e-01
		vertex -3.298469e-01 1.322115e-03 2.032945e-01
	endloop
endfacet
facet normal 8.506508e-01 6.289951e-16 -5.257311e-01
	outer loop
		vertex -6.494473e-02 1.650406e-01 2.269033e-01
		vertex -6.409335e-02 1.655668e-01 2.282809e-01
		vertex -7.903558e-02 6.561130e-17 2.041038e-01
	endloop
endfacet
facet normal 5.257311e-01 -8.506508e-01 -2.801698e-14
	outer loop
		vertex -6.494473e-02 1.650406e-01 2.269033e-01
		vertex -6.409335e-02 1.655668e-01 2.282809e-01
		vertex -3.298469e-01 1.322115e-03 2.032945e-01
	endloop
endfacet
facet normal 8.506508e-01 2.617969e-15 -5.257311e-01
	outer loop
		vertex -6.409335e-02 1.655668e-01 2.282809e-01
		vertex -6.407050e-02 1.655810e-01 2.283179e-01
		vertex -7.903558e-02 6.561130e-17 2.041038e-01
	endloop
endfacet
facet normal 5.257311e-01 -8.506508e-01 -1.203011e-12
	outer loop
		vertex -6.409335e-02 1.655668e-01 2.282809e-01
		vertex -6.407050e-02 1.655810e-01 2.283179e-01
		vertex -3.298469e-01 1.322115e-03 2.032945e-01
	endloop
endfacet
facet normal -5.867859e-17 5.220944e-01 8.528877e-01
	outer loop
		vertex -3.297151e-01 1.403561e-03 2.032447e-01
		vertex -3.302470e-01 0.000000e+00 2.041038e-01
		vertex -8.183592e-02 7.401862e-03 1.995728e-01
	endloop
endfacet
facet normal -9.916404e-17 5.220944e-01 8.528877e-01
	outer loop
		vertex -8.183592e-02 7.401862e-03 1.995728e-01
		vertex -1.269974e-01 1.266900e-01 1.265507e-01
		vertex -3.297151e-01 1.403561e-03 2.032447e-01
	endloop
endfacet
facet normal 4.727394e-01 -8.657082e-01 -1.645196e-01
	outer loop
		vertex -3.297151e-01 1.403561e-03 2.032447e-01
		vertex -1.269974e-01 1.266900e-01 1.265507e-01
		vertex -3.298469e-01 1.322115e-03 2.032945e-01
	endloop
endfacet
facet normal 3.794430e-13 -5.220944e-01 -8.528877e-01
	outer loop
		vertex -1.269974e-01 1.266900e-01 1.265507e-01
		vertex -1.269720e-01 1.267057e-01 1.265411e-01
		vertex -8.183592e-02 7.401862e-03 1.995728e-01
	endloop
endfacet
facet normal 5.866222e-01 -6.789022e-01 4.415497e-01
	outer loop
		vertex -1.269974e-01 1.266900e-01 1.265507e-01
		vertex -1.269720e-01 1.267057e-01 1.265411e-01
		vertex -3.298469e-01 1.322115e-03 2.032945e-01
	endloop
endfacet
facet normal 0.000000e+00 -5.547002e-01 -8.320503e-01
	outer loop
		vertex -1.269720e-01 1.267057e-01 1.265411e-01
		vertex -8.183592e-02 7.401862e-03 1.995728e-01
		vertex -7.903558e-02 6.561130e-17 2.041038e-01
	endloop
endfacet
facet normal 0.000000e+00 -5.299989e-01 -8.479983e-01
	outer loop
		vertex -7.903558e-02 6.561130e-17 2.041038e-01
		vertex -1.269720e-01 1.267057e-01 1.265411e-01
		vertex -1.269720e-01 1.267057e-01 1.265411e-01
	endloop
endfacet
facet normal 0.000000e+00 -5.547002e-01 -8.320503e-01
	outer loop
		vertex -1.269720e-01 1.267057e-01 1.265411e-01
		vertex -8.183592e-02 7.401862e-03 1.995728e-01
		vertex -7.903558e-02 6.561130e-17 2.041038e-01
	endloop
endfacet
facet normal 0.000000e+00 -5.299989e-01 -8.479983e-01
	outer loop
		vertex -7.903558e-02 6.561130e-17 2.041038e-01
		vertex -1.269720e-01 1.267057e-01 1.265411e-01
		vertex -1.269720e-01 1.267057e-01 1.265411e-01
	endloop
endfacet
facet normal 0.000000e+00 5.220944e-01 8.528877e-01
	outer loop
		vertex -1.269720e-01 1.267057e-01 1.265411e-01
		vertex -1.269720e-01 1.267057e-01 1.265411e-01
		vertex -3.298469e-01 1.322115e-03 2.032945e-01
	endloop
endfacet
facet normal -5.729934e-01 2.591676e-01 7.775028e-01
	outer loop
		vertex -1.269720e-01 1.267057e-01 1.265411e-01
		vertex -1.269720e-01 1.267057e-01 1.265411e-01
		vertex -7.903558e-02 6.561130e-17 2.041038e-01
	endloop
endfacet
facet normal -1.613333e-01 -3.120852e-01 -9.362555e-01
	outer loop
		vertex -1.269720e-01 1.267057e-01 1.265411e-01
		vertex -1.269720e-01 1.267057e-01 1.265411e-01
		vertex -3.298469e-01 1.322115e-03 2.032945e-01
	endloop
endfacet
facet normal -5.773503e-01 -5.773503e-01 -5.773503e-01
	outer loop
		vertex -1.269720e-01 1.267057e-01 1.265411e-01
		vertex -8.183592e-02 7.401862e-03 1.995728e-01
		vertex -7.903558e-02 6.561130e-17 2.041038e-01
	endloop
endfacet
facet normal 8.944272e-01 0.000000e+00 -4.472136e-01
	outer loop
		vertex -7.903558e-02 6.561130e-17 2.041038e-01
		vertex -1.269720e-01 1.267057e-01 1.265411e-01
		vertex -1.269720e-01 1.267057e-01 1.265411e-01
	endloop
endfacet
facet normal 0.000000e+00 -5.547002e-01 -8.320503e-01
	outer loop
		vertex -1.269720e-01 1.267057e-01 1.265411e-01
		vertex -8.183592e-02 7.401862e-03 1.995728e-01
		vertex -7.903558e-02 6.561130e-17 2.041038e-01
	endloop
endfacet
facet normal 8.944272e-01 0.000000e+00 -4.472136e-01
	outer loop
		vertex -7.903558e-02 6.561130e-17 2.041038e-01
		vertex -1.269720e-01 1.267057e-01 1.265411e-01
		vertex -1.269720e-01 1.267057e-01 1.265411e-01
	endloop
endfacet
facet normal -3.538517e-01 -0.000000e+00 -9.353016e-01
	outer loop
		vertex -1.269720e-01 1.267057e-01 1.265411e-01
		vertex -1.269720e-01 1.267057e-01 1.265411e-01
		vertex -3.298469e-01 1.322115e-03 2.032945e-01
	endloop
endfacet
facet normal -5.729934e-01 2.591676e-01 7.775028e-01
	outer loop
		vertex -1.269720e-01 1.267057e-01 1.265411e-01
		vertex -1.269720e-01 1.267057e-01 1.265411e-01
		vertex -7.903558e-02 6.561130e-17 2.041038e-01
	endloop
endfacet
facet normal -1.613333e-01 -3.120852e-01 -9.362555e-01
	outer loop
		vertex -1.269720e-01 1.267057e-01 1.265411e-01
		vertex -1.269720e-01 1.267057e-01 1.265411e-01
		vertex -3.298469e-01 1.322115e-03 2.032945e-01
	endloop
endfacet
facet normal 8.506508e-01 1.525408e-16 -5.257311e-01
	outer loop
		vertex -9.011694e-03 1.996092e-01 3.174049e-01
		vertex -1.841001e-03 2.040409e-01 3.290073e-01
		vertex -7.903558e-02 6.561130e-17 2.041038e-01
	endloop
endfacet
facet normal 5.257311e-01 -8.506508e-01 -6.986432e-16
	outer loop
		vertex -9.011694e-03 1.996092e-01 3.174049e-01
		vertex -1.841001e-03 2.040409e-01 3.290073e-01
		vertex -3.298469e-01 1.322115e-03 2.032945e-01
	endloop
endfacet
facet normal 8.506508e-01 -3.546291e-15 -5.257311e-01
	outer loop
		vertex -1.908745e-02 1.933820e-01 3.011019e-01
		vertex -9.011694e-03 1.996092e-01 3.174049e-01
		vertex -7.903558e-02 6.561130e-17 2.041038e-01
	endloop
endfacet
facet normal 5.257311e-01 -8.506508e-01 3.164056e-16
	outer loop
		vertex -1.908745e-02 1.933820e-01 3.011019e-01
		vertex -9.011694e-03 1.996092e-01 3.174049e-01
		vertex -3.298469e-01 1.322115e-03 2.032945e-01
	endloop
endfacet
facet normal 8.506508e-01 -6.879509e-16 -5.257311e-01
	outer loop
		vertex -1.269720e-01 1.267057e-01 1.265411e-01
		vertex -1.261770e-01 1.271970e-01 1.278274e-01
		vertex -7.903558e-02 6.561130e-17 2.041038e-01
	endloop
endfacet
facet normal 5.257311e-01 -8.506508e-01 -4.941094e-15
	outer loop
		vertex -1.269720e-01 1.267057e-01 1.265411e-01
		vertex -1.261770e-01 1.271970e-01 1.278274e-01
		vertex -3.298469e-01 1.322115e-03 2.032945e-01
	endloop
endfacet
facet normal 8.506508e-01 0.000000e+00 -5.257311e-01
	outer loop
		vertex -1.261770e-01 1.271970e-01 1.278274e-01
		vertex -8.052724e-02 1.554101e-01 2.016903e-01
		vertex -7.903558e-02 6.561130e-17 2.041038e-01
	endloop
endfacet
facet normal 5.257311e-01 -8.506508e-01 -4.389731e-16
	outer loop
		vertex -1.261770e-01 1.271970e-01 1.278274e-01
		vertex -8.052724e-02 1.554101e-01 2.016903e-01
		vertex -3.298469e-01 1.322115e-03 2.032945e-01
	endloop
endfacet
facet normal -8.506508e-01 1.031234e-16 5.257311e-01
	outer loop
		vertex -6.053485e-02 1.677661e-01 2.340386e-01
		vertex -6.407050e-02 1.655810e-01 2.283179e-01
		vertex -7.903558e-02 6.561130e-17 2.041038e-01
	endloop
endfacet
facet normal -5.257311e-01 8.506508e-01 -2.769449e-15
	outer loop
		vertex -6.053485e-02 1.677661e-01 2.340386e-01
		vertex -6.407050e-02 1.655810e-01 2.283179e-01
		vertex -3.298469e-01 1.322115e-03 2.032945e-01
	endloop
endfacet
facet normal 8.506508e-01 -4.418094e-16 -5.257311e-01
	outer loop
		vertex -4.714631e-02 1.760407e-01 2.557018e-01
		vertex -1.908745e-02 1.933820e-01 3.011019e-01
		vertex -7.903558e-02 6.561130e-17 2.041038e-01
	endloop
endfacet
facet normal 5.257311e-01 -8.506508e-01 0.000000e+00
	outer loop
		vertex -4.714631e-02 1.760407e-01 2.557018e-01
		vertex -1.908745e-02 1.933820e-01 3.011019e-01
		vertex -3.298469e-01 1.322115e-03 2.032945e-01
	endloop
endfacet
facet normal 8.506508e-01 -1.911000e-15 -5.257311e-01
	outer loop
		vertex -5.205927e-02 1.730043e-01 2.477524e-01
		vertex -4.714631e-02 1.760407e-01 2.557018e-01
		vertex -7.903558e-02 6.561130e-17 2.041038e-01
	endloop
endfacet
facet normal 5.257311e-01 -8.506508e-01 2.827360e-15
	outer loop
		vertex -5.205927e-02 1.730043e-01 2.477524e-01
		vertex -4.714631e-02 1.760407e-01 2.557018e-01
		vertex -3.298469e-01 1.322115e-03 2.032945e-01
	endloop
endfacet
facet normal 8.506508e-01 -1.075466e-16 -5.257311e-01
	outer loop
		vertex -6.053485e-02 1.677661e-01 2.340386e-01
		vertex -5.205927e-02 1.730043e-01 2.477524e-01
		vertex -7.903558e-02 6.561130e-17 2.041038e-01
	endloop
endfacet
facet normal 5.257311e-01 -8.506508e-01 -1.934447e-15
	outer loop
		vertex -6.053485e-02 1.677661e-01 2.340386e-01
		vertex -5.205927e-02 1.730043e-01 2.477524e-01
		vertex -3.298469e-01 1.322115e-03 2.032945e-01
	endloop
endfacet
facet normal 1.661874e-15 5.220944e-01 -8.528877e-01
	outer loop
		vertex -3.306159e-01 8.468267e-04 2.046222e-01
		vertex -3.233360e-01 5.346020e-03 2.073764e-01
		vertex -3.302470e-01 1.110223e-16 2.041038e-01
	endloop
endfacet
facet normal -5.257311e-01 8.506508e-01 -2.751602e-15
	outer loop
		vertex -3.306159e-01 8.468267e-04 2.046222e-01
		vertex -3.233360e-01 5.346020e-03 2.073764e-01
		vertex -3.298469e-01 1.322115e-03 2.032945e-01
	endloop
endfacet
facet normal -1.609254e-13 -5.220944e-01 8.528877e-01
	outer loop
		vertex -3.230573e-01 5.518320e-03 2.074819e-01
		vertex -3.233360e-01 5.346020e-03 2.073764e-01
		vertex -3.302470e-01 1.110223e-16 2.041038e-01
	endloop
endfacet
facet normal 5.257311e-01 -8.506508e-01 5.356900e-13
	outer loop
		vertex -3.230573e-01 5.518320e-03 2.074819e-01
		vertex -3.233360e-01 5.346020e-03 2.073764e-01
		vertex -3.298469e-01 1.322115e-03 2.032945e-01
	endloop
endfacet
facet normal -8.664339e-14 -5.220944e-01 -8.528877e-01
	outer loop
		vertex -3.297221e-01 1.399212e-03 2.032473e-01
		vertex -3.297151e-01 1.403561e-03 2.032447e-01
		vertex -3.302470e-01 0.000000e+00 2.041038e-01
	endloop
endfacet
facet normal 1.581717e-02 -5.405228e-01 -8.411807e-01
	outer loop
		vertex -3.297221e-01 1.399212e-03 2.032473e-01
		vertex -3.297151e-01 1.403561e-03 2.032447e-01
		vertex -3.298469e-01 1.322115e-03 2.032945e-01
	endloop
endfacet
facet normal 5.199781e-12 5.220944e-01 8.528877e-01
	outer loop
		vertex -3.297221e-01 1.399212e-03 2.032473e-01
		vertex -3.297269e-01 1.396230e-03 2.032491e-01
		vertex -3.302470e-01 0.000000e+00 2.041038e-01
	endloop
endfacet
facet normal 4.240626e-01 -8.599692e-01 -2.839436e-01
	outer loop
		vertex -3.297221e-01 1.399212e-03 2.032473e-01
		vertex -3.297269e-01 1.396230e-03 2.032491e-01
		vertex -3.298469e-01 1.322115e-03 2.032945e-01
	endloop
endfacet
facet normal 5.869165e-01 5.725072e-01 5.725072e-01
	outer loop
		vertex -1.269720e-01 1.267057e-01 1.265411e-01
		vertex -1.269720e-01 1.267057e-01 1.265411e-01
		vertex -7.903558e-02 6.561130e-17 2.041038e-01
	endloop
endfacet
facet normal 1.671136e-01 -6.971632e-01 -6.971632e-01
	outer loop
		vertex -1.269720e-01 1.267057e-01 1.265411e-01
		vertex -1.269720e-01 1.267057e-01 1.265411e-01
		vertex -3.298469e-01 1.322115e-03 2.032945e-01
	endloop
endfacet
facet normal -8.506508e-01 0.000000e+00 5.257311e-01
	outer loop
		vertex -1.269720e-01 1.267057e-01 1.265411e-01
		vertex -1.269720e-01 1.267057e-01 1.265411e-01
		vertex -7.903558e-02 6.561130e-17 2.041038e-01
	endloop
endfacet
facet normal -3.538517e-01 -0.000000e+00 -9.353016e-01
	outer loop
		vertex -1.269720e-01 1.267057e-01 1.265411e-01
		vertex -1.269720e-01 1.267057e-01 1.265411e-01
		vertex -3.298469e-01 1.322115e-03 2.032945e-01
	endloop
endfacet
facet normal 5.869165e-01 5.725072e-01 5.725072e-01
	outer loop
		vertex -1.269720e-01 1.267057e-01 1.265411e-01
		vertex -1.269720e-01 1.267057e-01 1.265411e-01
		vertex -7.903558e-02 6.561130e-17 2.041038e-01
	endloop
endfacet
facet normal 1.671136e-01 -6.971632e-01 -6.971632e-01
	outer loop
		vertex -1.269720e-01 1.267057e-01 1.265411e-01
		vertex -1.269720e-01 1.267057e-01 1.265411e-01
		vertex -3.298469e-01 1.322115e-03 2.032945e-01
	endloop
endfacet
facet normal -8.506508e-01 0.000000e+00 5.257311e-01
	outer loop
		vertex -1.269720e-01 1.267057e-01 1.265411e-01
		vertex -1.269720e-01 1.267057e-01 1.265411e-01
		vertex -7.903558e-02 6.561130e-17 2.041038e-01
	endloop
endfacet
facet normal -3.538517e-01 -0.000000e+00 -9.353016e-01
	outer loop
		vertex -1.269720e-01 1.267057e-01 1.265411e-01
		vertex -1.269720e-01 1.267057e-01 1.265411e-01
		vertex -3.298469e-01 1.322115e-03 2.032945e-01
	endloop
endfacet
endsolid MIKE666
