solid MIKE666
facet normal -8.506508e-01 -1.454268e-15 -5.257311e-01
	outer loop
		vertex 2.051787e-01 -1.038238e-01 0.000000e+00
		vertex 2.689662e-01 -1.648185e-01 -1.032103e-01
		vertex 2.553093e-01 -2.009164e-01 -8.111304e-02
	endloop
endfacet
facet normal 8.506508e-01 1.045634e-15 5.257311e-01
	outer loop
		vertex 2.553093e-01 -2.009164e-01 -8.111304e-02
		vertex 2.051787e-01 -1.038238e-01 0.000000e+00
		vertex 2.051787e-01 -1.386207e-01 6.938894e-17
	endloop
endfacet
facet normal 7.071068e-01 7.071068e-01 0.000000e+00
	outer loop
		vertex 2.051787e-01 -1.038238e-01 0.000000e+00
		vertex 2.689662e-01 -1.648185e-01 -1.032103e-01
		vertex 2.689662e-01 -1.648185e-01 -1.032103e-01
	endloop
endfacet
facet normal 1.961161e-01 -7.844645e-01 5.883484e-01
	outer loop
		vertex 2.689662e-01 -1.648185e-01 -1.032103e-01
		vertex 2.051787e-01 -1.038238e-01 0.000000e+00
		vertex 2.051787e-01 -1.038238e-01 0.000000e+00
	endloop
endfacet
facet normal 7.071068e-01 7.071068e-01 0.000000e+00
	outer loop
		vertex 2.051787e-01 -1.038238e-01 0.000000e+00
		vertex 2.689662e-01 -1.648185e-01 -1.032103e-01
		vertex 2.689662e-01 -1.648185e-01 -1.032103e-01
	endloop
endfacet
facet normal 1.961161e-01 -7.844645e-01 5.883484e-01
	outer loop
		vertex 2.689662e-01 -1.648185e-01 -1.032103e-01
		vertex 2.051787e-01 -1.038238e-01 0.000000e+00
		vertex 2.051787e-01 -1.038238e-01 0.000000e+00
	endloop
endfacet
facet normal 8.506508e-01 2.816029e-16 5.257311e-01
	outer loop
		vertex 2.051787e-01 -1.038238e-01 5.551115e-17
		vertex 2.689662e-01 -1.648185e-01 -1.032103e-01
		vertex 2.830717e-01 -1.275348e-01 -1.260335e-01
	endloop
endfacet
facet normal 7.868269e-18 -5.220944e-01 -8.528877e-01
	outer loop
		vertex 1.588982e-01 -2.110932e-01 -7.488334e-02
		vertex 1.478116e-01 -1.817890e-01 -9.282188e-02
		vertex 2.553093e-01 -2.009164e-01 -8.111304e-02
	endloop
endfacet
facet normal 1.759360e-16 5.220944e-01 8.528877e-01
	outer loop
		vertex 1.428534e-01 -1.686835e-01 -1.008444e-01
		vertex 1.478116e-01 -1.817890e-01 -9.282188e-02
		vertex 2.553093e-01 -2.009164e-01 -8.111304e-02
	endloop
endfacet
facet normal 2.979847e-16 5.220944e-01 8.528877e-01
	outer loop
		vertex 1.428534e-01 -1.686835e-01 -1.008444e-01
		vertex 2.553093e-01 -2.009164e-01 -8.111304e-02
		vertex 2.689662e-01 -1.648185e-01 -1.032103e-01
	endloop
endfacet
facet normal 2.964060e-16 5.220944e-01 8.528877e-01
	outer loop
		vertex 2.689662e-01 -1.648185e-01 -1.032103e-01
		vertex 1.299011e-01 -1.344479e-01 -1.218017e-01
		vertex 1.428534e-01 -1.686835e-01 -1.008444e-01
	endloop
endfacet
facet normal -1.044114e-15 5.220944e-01 8.528877e-01
	outer loop
		vertex 1.291953e-01 -1.325822e-01 -1.229438e-01
		vertex 1.299011e-01 -1.344479e-01 -1.218017e-01
		vertex 2.689662e-01 -1.648185e-01 -1.032103e-01
	endloop
endfacet
facet normal 0.000000e+00 -5.220944e-01 -8.528877e-01
	outer loop
		vertex 1.291953e-01 -1.325822e-01 -1.229438e-01
		vertex 1.291953e-01 -1.325822e-01 -1.229438e-01
		vertex 2.689662e-01 -1.648185e-01 -1.032103e-01
	endloop
endfacet
facet normal -2.425356e-01 -9.701425e-01 0.000000e+00
	outer loop
		vertex 1.291953e-01 -1.325822e-01 -1.229438e-01
		vertex 2.689662e-01 -1.648185e-01 -1.032103e-01
		vertex 2.689662e-01 -1.648185e-01 -1.032103e-01
	endloop
endfacet
facet normal -2.425356e-01 -9.701425e-01 0.000000e+00
	outer loop
		vertex 2.689662e-01 -1.648185e-01 -1.032103e-01
		vertex 1.291953e-01 -1.325822e-01 -1.229438e-01
		vertex 1.291953e-01 -1.325822e-01 -1.229438e-01
	endloop
endfacet
facet normal -1.961161e-01 -9.805807e-01 0.000000e+00
	outer loop
		vertex 1.291953e-01 -1.325822e-01 -1.229438e-01
		vertex 2.689662e-01 -1.648185e-01 -1.032103e-01
		vertex 2.689662e-01 -1.648185e-01 -1.032103e-01
	endloop
endfacet
facet normal -2.425356e-01 -9.701425e-01 0.000000e+00
	outer loop
		vertex 2.689662e-01 -1.648185e-01 -1.032103e-01
		vertex 1.291953e-01 -1.325822e-01 -1.229438e-01
		vertex 1.291953e-01 -1.325822e-01 -1.229438e-01
	endloop
endfacet
facet normal 0.000000e+00 0.000000e+00 0.000000e+00
	outer loop
		vertex 1.291953e-01 -1.325822e-01 -1.229438e-01
		vertex 1.291953e-01 -1.325822e-01 -1.229438e-01
		vertex 2.689662e-01 -1.648185e-01 -1.032103e-01
	endloop
endfacet
facet normal -2.425356e-01 -9.701425e-01 0.000000e+00
	outer loop
		vertex 1.291953e-01 -1.325822e-01 -1.229438e-01
		vertex 2.689662e-01 -1.648185e-01 -1.032103e-01
		vertex 2.689662e-01 -1.648185e-01 -1.032103e-01
	endloop
endfacet
facet normal -2.425356e-01 -9.701425e-01 0.000000e+00
	outer loop
		vertex 2.689662e-01 -1.648185e-01 -1.032103e-01
		vertex 1.291953e-01 -1.325822e-01 -1.229438e-01
		vertex 1.291953e-01 -1.325822e-01 -1.229438e-01
	endloop
endfacet
facet normal -1.961161e-01 -9.805807e-01 0.000000e+00
	outer loop
		vertex 1.291953e-01 -1.325822e-01 -1.229438e-01
		vertex 2.689662e-01 -1.648185e-01 -1.032103e-01
		vertex 2.689662e-01 -1.648185e-01 -1.032103e-01
	endloop
endfacet
facet normal -2.425356e-01 -9.701425e-01 0.000000e+00
	outer loop
		vertex 2.689662e-01 -1.648185e-01 -1.032103e-01
		vertex 1.291953e-01 -1.325822e-01 -1.229438e-01
		vertex 1.291953e-01 -1.325822e-01 -1.229438e-01
	endloop
endfacet
facet normal 0.000000e+00 0.000000e+00 0.000000e+00
	outer loop
		vertex 1.291953e-01 -1.325822e-01 -1.229438e-01
		vertex 1.291953e-01 -1.325822e-01 -1.229438e-01
		vertex 2.689662e-01 -1.648185e-01 -1.032103e-01
	endloop
endfacet
facet normal 0.000000e+00 -5.220944e-01 -8.528877e-01
	outer loop
		vertex 1.291953e-01 -1.325822e-01 -1.229438e-01
		vertex 1.291953e-01 -1.325822e-01 -1.229438e-01
		vertex 2.689662e-01 -1.648185e-01 -1.032103e-01
	endloop
endfacet
facet normal -2.425356e-01 -9.701425e-01 0.000000e+00
	outer loop
		vertex 1.291953e-01 -1.325822e-01 -1.229438e-01
		vertex 2.689662e-01 -1.648185e-01 -1.032103e-01
		vertex 2.689662e-01 -1.648185e-01 -1.032103e-01
	endloop
endfacet
facet normal -2.425356e-01 -9.701425e-01 0.000000e+00
	outer loop
		vertex 2.689662e-01 -1.648185e-01 -1.032103e-01
		vertex 1.291953e-01 -1.325822e-01 -1.229438e-01
		vertex 1.291953e-01 -1.325822e-01 -1.229438e-01
	endloop
endfacet
facet normal -1.961161e-01 -9.805807e-01 0.000000e+00
	outer loop
		vertex 1.291953e-01 -1.325822e-01 -1.229438e-01
		vertex 2.689662e-01 -1.648185e-01 -1.032103e-01
		vertex 2.689662e-01 -1.648185e-01 -1.032103e-01
	endloop
endfacet
facet normal -2.425356e-01 -9.701425e-01 0.000000e+00
	outer loop
		vertex 2.689662e-01 -1.648185e-01 -1.032103e-01
		vertex 1.291953e-01 -1.325822e-01 -1.229438e-01
		vertex 1.291953e-01 -1.325822e-01 -1.229438e-01
	endloop
endfacet
facet normal 0.000000e+00 0.000000e+00 0.000000e+00
	outer loop
		vertex 1.291953e-01 -1.325822e-01 -1.229438e-01
		vertex 1.291953e-01 -1.325822e-01 -1.229438e-01
		vertex 2.689662e-01 -1.648185e-01 -1.032103e-01
	endloop
endfacet
facet normal -2.425356e-01 -9.701425e-01 0.000000e+00
	outer loop
		vertex 1.291953e-01 -1.325822e-01 -1.229438e-01
		vertex 2.689662e-01 -1.648185e-01 -1.032103e-01
		vertex 2.689662e-01 -1.648185e-01 -1.032103e-01
	endloop
endfacet
facet normal -2.425356e-01 -9.701425e-01 0.000000e+00
	outer loop
		vertex 2.689662e-01 -1.648185e-01 -1.032103e-01
		vertex 1.291953e-01 -1.325822e-01 -1.229438e-01
		vertex 1.291953e-01 -1.325822e-01 -1.229438e-01
	endloop
endfacet
facet normal -1.961161e-01 -9.805807e-01 0.000000e+00
	outer loop
		vertex 1.291953e-01 -1.325822e-01 -1.229438e-01
		vertex 2.689662e-01 -1.648185e-01 -1.032103e-01
		vertex 2.689662e-01 -1.648185e-01 -1.032103e-01
	endloop
endfacet
facet normal -2.425356e-01 -9.701425e-01 0.000000e+00
	outer loop
		vertex 2.689662e-01 -1.648185e-01 -1.032103e-01
		vertex 1.291953e-01 -1.325822e-01 -1.229438e-01
		vertex 1.291953e-01 -1.325822e-01 -1.229438e-01
	endloop
endfacet
facet normal 0.000000e+00 0.000000e+00 0.000000e+00
	outer loop
		vertex 1.291953e-01 -1.325822e-01 -1.229438e-01
		vertex 1.291953e-01 -1.325822e-01 -1.229438e-01
		vertex 2.689662e-01 -1.648185e-01 -1.032103e-01
	endloop
endfacet
facet normal 3.327761e-16 -5.220944e-01 -8.528877e-01
	outer loop
		vertex 1.291953e-01 -1.325822e-01 -1.229438e-01
		vertex 1.285257e-01 -1.308125e-01 -1.240271e-01
		vertex 2.689662e-01 -1.648185e-01 -1.032103e-01
	endloop
endfacet
facet normal 4.485014e-16 5.220944e-01 8.528877e-01
	outer loop
		vertex 2.752833e-01 -3.504425e-02 -1.826515e-01
		vertex 3.004024e-01 -8.172619e-02 -1.540752e-01
		vertex 3.204590e-01 -2.871256e-02 -1.865275e-01
	endloop
endfacet
facet normal 5.261333e-16 5.220944e-01 8.528877e-01
	outer loop
		vertex 3.204590e-01 -2.871256e-02 -1.865275e-01
		vertex 3.002155e-01 -1.963528e-02 -1.920841e-01
		vertex 2.752833e-01 -3.504425e-02 -1.826515e-01
	endloop
endfacet
facet normal 0.000000e+00 0.000000e+00 0.000000e+00
	outer loop
		vertex 2.752833e-01 -3.504425e-02 -1.826515e-01
		vertex 3.002155e-01 -1.963528e-02 -1.920841e-01
		vertex 3.002155e-01 -1.963528e-02 -1.920841e-01
	endloop
endfacet
facet normal 7.623155e-16 5.220944e-01 8.528877e-01
	outer loop
		vertex 3.311191e-01 -5.358222e-04 -2.037758e-01
		vertex 3.002155e-01 -1.963528e-02 -1.920841e-01
		vertex 3.204590e-01 -2.871256e-02 -1.865275e-01
	endloop
endfacet
facet normal 4.408615e-01 -8.672685e-01 -2.312716e-01
	outer loop
		vertex 3.311191e-01 -5.358222e-04 -2.037758e-01
		vertex 3.002155e-01 -1.963528e-02 -1.920841e-01
		vertex 3.002155e-01 -1.963528e-02 -1.920841e-01
	endloop
endfacet
facet normal -1.246134e-15 -5.220944e-01 -8.528877e-01
	outer loop
		vertex 2.312747e-01 -6.224306e-02 -1.660018e-01
		vertex 2.322208e-01 -6.165835e-02 -1.663597e-01
		vertex 2.990459e-01 -8.531180e-02 -1.518803e-01
	endloop
endfacet
facet normal 3.566391e-02 -5.638754e-01 -8.250895e-01
	outer loop
		vertex 2.312747e-01 -6.224306e-02 -1.660018e-01
		vertex 2.322208e-01 -6.165835e-02 -1.663597e-01
		vertex 3.002155e-01 -1.963528e-02 -1.920841e-01
	endloop
endfacet
facet normal 6.011465e-15 -5.220944e-01 -8.528877e-01
	outer loop
		vertex 2.312747e-01 -6.224306e-02 -1.660018e-01
		vertex 2.990459e-01 -8.531180e-02 -1.518803e-01
		vertex 2.982091e-01 -8.752367e-02 -1.505263e-01
	endloop
endfacet
facet normal 8.225016e-15 -5.220944e-01 -8.528877e-01
	outer loop
		vertex 2.982091e-01 -8.752367e-02 -1.505263e-01
		vertex 2.295035e-01 -6.333772e-02 -1.653317e-01
		vertex 2.312747e-01 -6.224306e-02 -1.660018e-01
	endloop
endfacet
facet normal 4.133008e-01 -8.566836e-01 -3.086677e-01
	outer loop
		vertex 2.312747e-01 -6.224306e-02 -1.660018e-01
		vertex 2.295035e-01 -6.333772e-02 -1.653317e-01
		vertex 3.002155e-01 -1.963528e-02 -1.920841e-01
	endloop
endfacet
facet normal -1.722480e-14 -5.220944e-01 -8.528877e-01
	outer loop
		vertex 2.293874e-01 -6.340948e-02 -1.652878e-01
		vertex 2.295035e-01 -6.333772e-02 -1.653317e-01
		vertex 2.982091e-01 -8.752367e-02 -1.505263e-01
	endloop
endfacet
facet normal 3.655216e-01 -2.301635e-02 9.305182e-01
	outer loop
		vertex 2.293874e-01 -6.340948e-02 -1.652878e-01
		vertex 2.295035e-01 -6.333772e-02 -1.653317e-01
		vertex 3.002155e-01 -1.963528e-02 -1.920841e-01
	endloop
endfacet
facet normal 8.506508e-01 -3.134781e-14 5.257311e-01
	outer loop
		vertex 2.367003e-01 -5.888988e-02 -5.100296e-02
		vertex 2.982091e-01 -8.752367e-02 -1.505263e-01
		vertex 2.990459e-01 -8.531180e-02 -1.518803e-01
	endloop
endfacet
facet normal 8.506508e-01 -1.697009e-14 5.257311e-01
	outer loop
		vertex 2.990459e-01 -8.531180e-02 -1.518803e-01
		vertex 2.375276e-01 -5.837853e-02 -5.234169e-02
		vertex 2.367003e-01 -5.888988e-02 -5.100296e-02
	endloop
endfacet
facet normal -5.257311e-01 8.506508e-01 8.728697e-15
	outer loop
		vertex 2.367003e-01 -5.888988e-02 -5.100296e-02
		vertex 2.375276e-01 -5.837853e-02 -5.234169e-02
		vertex 3.002155e-01 -1.963528e-02 -1.920841e-01
	endloop
endfacet
facet normal -8.506508e-01 3.348508e-14 -5.257311e-01
	outer loop
		vertex 2.375276e-01 -5.837853e-02 -5.234169e-02
		vertex 2.384252e-01 -5.782379e-02 -5.379403e-02
		vertex 2.990459e-01 -8.531180e-02 -1.518803e-01
	endloop
endfacet
facet normal -5.257311e-01 8.506508e-01 4.693458e-14
	outer loop
		vertex 2.375276e-01 -5.837853e-02 -5.234169e-02
		vertex 2.384252e-01 -5.782379e-02 -5.379403e-02
		vertex 3.002155e-01 -1.963528e-02 -1.920841e-01
	endloop
endfacet
facet normal 4.989280e-15 5.220944e-01 8.528877e-01
	outer loop
		vertex 2.338214e-01 -6.066914e-02 -1.669653e-01
		vertex 2.322208e-01 -6.165835e-02 -1.663597e-01
		vertex 2.990459e-01 -8.531180e-02 -1.518803e-01
	endloop
endfacet
facet normal -4.238843e-01 1.426665e-01 -8.944095e-01
	outer loop
		vertex 2.338214e-01 -6.066914e-02 -1.669653e-01
		vertex 2.322208e-01 -6.165835e-02 -1.663597e-01
		vertex 3.002155e-01 -1.963528e-02 -1.920841e-01
	endloop
endfacet
facet normal 3.459444e-15 5.220944e-01 8.528877e-01
	outer loop
		vertex 2.338214e-01 -6.066914e-02 -1.669653e-01
		vertex 2.990459e-01 -8.531180e-02 -1.518803e-01
		vertex 3.004024e-01 -8.172619e-02 -1.540752e-01
	endloop
endfacet
facet normal 2.793528e-15 5.220944e-01 8.528877e-01
	outer loop
		vertex 3.004024e-01 -8.172619e-02 -1.540752e-01
		vertex 2.367480e-01 -5.886035e-02 -1.680725e-01
		vertex 2.338214e-01 -6.066914e-02 -1.669653e-01
	endloop
endfacet
facet normal 4.005558e-01 -8.521379e-01 -3.367730e-01
	outer loop
		vertex 2.338214e-01 -6.066914e-02 -1.669653e-01
		vertex 2.367480e-01 -5.886035e-02 -1.680725e-01
		vertex 3.002155e-01 -1.963528e-02 -1.920841e-01
	endloop
endfacet
facet normal -7.952579e-14 5.220944e-01 8.528877e-01
	outer loop
		vertex 2.367841e-01 -5.883809e-02 -1.680862e-01
		vertex 2.367480e-01 -5.886035e-02 -1.680725e-01
		vertex 3.004024e-01 -8.172619e-02 -1.540752e-01
	endloop
endfacet
facet normal 3.812339e-01 -8.456441e-01 -3.735596e-01
	outer loop
		vertex 2.367841e-01 -5.883809e-02 -1.680862e-01
		vertex 2.367480e-01 -5.886035e-02 -1.680725e-01
		vertex 3.002155e-01 -1.963528e-02 -1.920841e-01
	endloop
endfacet
facet normal -8.506508e-01 -2.032259e-14 -5.257311e-01
	outer loop
		vertex 2.412760e-01 -5.606190e-02 -5.840670e-02
		vertex 3.004024e-01 -8.172619e-02 -1.540752e-01
		vertex 2.990459e-01 -8.531180e-02 -1.518803e-01
	endloop
endfacet
facet normal -8.506508e-01 -1.918213e-14 -5.257311e-01
	outer loop
		vertex 2.990459e-01 -8.531180e-02 -1.518803e-01
		vertex 2.398121e-01 -5.696667e-02 -5.603800e-02
		vertex 2.412760e-01 -5.606190e-02 -5.840670e-02
	endloop
endfacet
facet normal 5.257311e-01 -8.506508e-01 8.222068e-16
	outer loop
		vertex 2.412760e-01 -5.606190e-02 -5.840670e-02
		vertex 2.398121e-01 -5.696667e-02 -5.603800e-02
		vertex 3.002155e-01 -1.963528e-02 -1.920841e-01
	endloop
endfacet
facet normal 8.506508e-01 9.807824e-15 5.257311e-01
	outer loop
		vertex 2.398121e-01 -5.696667e-02 -5.603800e-02
		vertex 2.384252e-01 -5.782379e-02 -5.379403e-02
		vertex 2.990459e-01 -8.531180e-02 -1.518803e-01
	endloop
endfacet
facet normal 5.257311e-01 -8.506508e-01 1.269320e-14
	outer loop
		vertex 2.398121e-01 -5.696667e-02 -5.603800e-02
		vertex 2.384252e-01 -5.782379e-02 -5.379403e-02
		vertex 3.002155e-01 -1.963528e-02 -1.920841e-01
	endloop
endfacet
facet normal -8.506508e-01 -9.995103e-17 -5.257311e-01
	outer loop
		vertex 2.093337e-01 -7.580338e-02 -6.722851e-03
		vertex 2.830717e-01 -1.275348e-01 -1.260335e-01
		vertex 2.051787e-01 -1.038238e-01 5.551115e-17
	endloop
endfacet
facet normal 8.506508e-01 -0.000000e+00 5.257311e-01
	outer loop
		vertex 2.051787e-01 -1.038238e-01 5.551115e-17
		vertex 2.093337e-01 -7.580338e-02 -6.722851e-03
		vertex 2.051787e-01 -7.837128e-02 5.551115e-17
	endloop
endfacet
facet normal -5.257311e-01 8.506508e-01 2.896935e-16
	outer loop
		vertex 2.051787e-01 -7.837128e-02 5.551115e-17
		vertex 2.093337e-01 -7.580338e-02 -6.722851e-03
		vertex 3.002155e-01 -1.963528e-02 -1.920841e-01
	endloop
endfacet
facet normal -5.057806e-15 5.220944e-01 8.528877e-01
	outer loop
		vertex 1.766973e-01 -9.597377e-02 -1.453536e-01
		vertex 1.755787e-01 -9.666507e-02 -1.449304e-01
		vertex 2.830717e-01 -1.275348e-01 -1.260335e-01
	endloop
endfacet
facet normal 1.173438e-01 -6.497914e-01 -7.510004e-01
	outer loop
		vertex 1.766973e-01 -9.597377e-02 -1.453536e-01
		vertex 1.755787e-01 -9.666507e-02 -1.449304e-01
		vertex 3.002155e-01 -1.963528e-02 -1.920841e-01
	endloop
endfacet
facet normal -3.391608e-16 5.220944e-01 8.528877e-01
	outer loop
		vertex 1.766973e-01 -9.597377e-02 -1.453536e-01
		vertex 2.830717e-01 -1.275348e-01 -1.260335e-01
		vertex 2.839435e-01 -1.252304e-01 -1.274442e-01
	endloop
endfacet
facet normal 0.000000e+00 5.220944e-01 8.528877e-01
	outer loop
		vertex 2.839435e-01 -1.252304e-01 -1.274442e-01
		vertex 1.778130e-01 -9.528419e-02 -1.457757e-01
		vertex 1.766973e-01 -9.597377e-02 -1.453536e-01
	endloop
endfacet
facet normal -5.494187e-02 5.840117e-01 8.098838e-01
	outer loop
		vertex 1.766973e-01 -9.597377e-02 -1.453536e-01
		vertex 1.778130e-01 -9.528419e-02 -1.457757e-01
		vertex 3.002155e-01 -1.963528e-02 -1.920841e-01
	endloop
endfacet
facet normal 3.983243e-15 5.220944e-01 8.528877e-01
	outer loop
		vertex 1.788154e-01 -9.466472e-02 -1.461549e-01
		vertex 1.778130e-01 -9.528419e-02 -1.457757e-01
		vertex 2.839435e-01 -1.252304e-01 -1.274442e-01
	endloop
endfacet
facet normal -4.037840e-01 8.540644e-01 3.279216e-01
	outer loop
		vertex 1.788154e-01 -9.466472e-02 -1.461549e-01
		vertex 1.778130e-01 -9.528419e-02 -1.457757e-01
		vertex 3.002155e-01 -1.963528e-02 -1.920841e-01
	endloop
endfacet
facet normal -8.506508e-01 -2.145403e-14 -5.257311e-01
	outer loop
		vertex 2.107355e-01 -7.493696e-02 -8.991170e-03
		vertex 2.839435e-01 -1.252304e-01 -1.274442e-01
		vertex 2.830717e-01 -1.275348e-01 -1.260335e-01
	endloop
endfacet
facet normal -8.506508e-01 0.000000e+00 -5.257311e-01
	outer loop
		vertex 2.830717e-01 -1.275348e-01 -1.260335e-01
		vertex 2.105812e-01 -7.503232e-02 -8.741501e-03
		vertex 2.107355e-01 -7.493696e-02 -8.991170e-03
	endloop
endfacet
facet normal 5.257311e-01 -8.506508e-01 -3.697972e-13
	outer loop
		vertex 2.107355e-01 -7.493696e-02 -8.991170e-03
		vertex 2.105812e-01 -7.503232e-02 -8.741501e-03
		vertex 3.002155e-01 -1.963528e-02 -1.920841e-01
	endloop
endfacet
facet normal 8.506508e-01 9.977655e-15 5.257311e-01
	outer loop
		vertex 2.105812e-01 -7.503232e-02 -8.741501e-03
		vertex 2.093337e-01 -7.580338e-02 -6.722851e-03
		vertex 2.830717e-01 -1.275348e-01 -1.260335e-01
	endloop
endfacet
facet normal 5.257311e-01 -8.506508e-01 3.762667e-14
	outer loop
		vertex 2.105812e-01 -7.503232e-02 -8.741501e-03
		vertex 2.093337e-01 -7.580338e-02 -6.722851e-03
		vertex 3.002155e-01 -1.963528e-02 -1.920841e-01
	endloop
endfacet
facet normal 1.537556e-16 5.220944e-01 8.528877e-01
	outer loop
		vertex 2.008477e-01 -8.104797e-02 -1.544904e-01
		vertex 1.788154e-01 -9.466472e-02 -1.461549e-01
		vertex 2.839435e-01 -1.252304e-01 -1.274442e-01
	endloop
endfacet
facet normal 0.000000e+00 -5.214500e-01 -8.532818e-01
	outer loop
		vertex 2.008477e-01 -8.104797e-02 -1.544904e-01
		vertex 1.788154e-01 -9.466472e-02 -1.461549e-01
		vertex 3.002155e-01 -1.963528e-02 -1.920841e-01
	endloop
endfacet
facet normal 2.641263e-16 5.220944e-01 8.528877e-01
	outer loop
		vertex 2.008477e-01 -8.104797e-02 -1.544904e-01
		vertex 2.839435e-01 -1.252304e-01 -1.274442e-01
		vertex 2.982091e-01 -8.752367e-02 -1.505263e-01
	endloop
endfacet
facet normal 2.788457e-16 5.220944e-01 8.528877e-01
	outer loop
		vertex 2.982091e-01 -8.752367e-02 -1.505263e-01
		vertex 2.269698e-01 -6.490363e-02 -1.643731e-01
		vertex 2.008477e-01 -8.104797e-02 -1.544904e-01
	endloop
endfacet
facet normal 7.784989e-02 -6.227992e-01 -7.784989e-01
	outer loop
		vertex 2.008477e-01 -8.104797e-02 -1.544904e-01
		vertex 2.269698e-01 -6.490363e-02 -1.643731e-01
		vertex 3.002155e-01 -1.963528e-02 -1.920841e-01
	endloop
endfacet
facet normal -7.891034e-16 5.220944e-01 8.528877e-01
	outer loop
		vertex 2.293874e-01 -6.340948e-02 -1.652878e-01
		vertex 2.269698e-01 -6.490363e-02 -1.643731e-01
		vertex 2.982091e-01 -8.752367e-02 -1.505263e-01
	endloop
endfacet
facet normal 8.813826e-02 4.140448e-01 9.059793e-01
	outer loop
		vertex 2.293874e-01 -6.340948e-02 -1.652878e-01
		vertex 2.269698e-01 -6.490363e-02 -1.643731e-01
		vertex 3.002155e-01 -1.963528e-02 -1.920841e-01
	endloop
endfacet
facet normal -8.506508e-01 -2.674702e-15 -5.257311e-01
	outer loop
		vertex 2.367003e-01 -5.888988e-02 -5.100296e-02
		vertex 2.982091e-01 -8.752367e-02 -1.505263e-01
		vertex 2.839435e-01 -1.252304e-01 -1.274442e-01
	endloop
endfacet
facet normal -8.506508e-01 -1.771276e-15 -5.257311e-01
	outer loop
		vertex 2.839435e-01 -1.252304e-01 -1.274442e-01
		vertex 2.259217e-01 -6.555138e-02 -3.356294e-02
		vertex 2.367003e-01 -5.888988e-02 -5.100296e-02
	endloop
endfacet
facet normal 5.257311e-01 -8.506508e-01 1.005050e-15
	outer loop
		vertex 2.367003e-01 -5.888988e-02 -5.100296e-02
		vertex 2.259217e-01 -6.555138e-02 -3.356294e-02
		vertex 3.002155e-01 -1.963528e-02 -1.920841e-01
	endloop
endfacet
facet normal 8.506508e-01 2.750077e-15 5.257311e-01
	outer loop
		vertex 2.259217e-01 -6.555138e-02 -3.356294e-02
		vertex 2.107355e-01 -7.493696e-02 -8.991170e-03
		vertex 2.839435e-01 -1.252304e-01 -1.274442e-01
	endloop
endfacet
facet normal 5.257311e-01 -8.506508e-01 2.377809e-15
	outer loop
		vertex 2.259217e-01 -6.555138e-02 -3.356294e-02
		vertex 2.107355e-01 -7.493696e-02 -8.991170e-03
		vertex 3.002155e-01 -1.963528e-02 -1.920841e-01
	endloop
endfacet
facet normal -5.405586e-16 -5.220944e-01 -8.528877e-01
	outer loop
		vertex 2.367841e-01 -5.883809e-02 -1.680862e-01
		vertex 2.752833e-01 -3.504425e-02 -1.826515e-01
		vertex 3.004024e-01 -8.172619e-02 -1.540752e-01
	endloop
endfacet
facet normal 8.504865e-02 -6.378649e-01 -7.654379e-01
	outer loop
		vertex 2.367841e-01 -5.883809e-02 -1.680862e-01
		vertex 2.752833e-01 -3.504425e-02 -1.826515e-01
		vertex 3.002155e-01 -1.963528e-02 -1.920841e-01
	endloop
endfacet
facet normal -8.506508e-01 5.548360e-17 -5.257311e-01
	outer loop
		vertex 2.931804e-01 -2.398322e-02 -1.423898e-01
		vertex 3.204590e-01 -2.871256e-02 -1.865275e-01
		vertex 3.004024e-01 -8.172619e-02 -1.540752e-01
	endloop
endfacet
facet normal -8.506508e-01 -2.430268e-17 -5.257311e-01
	outer loop
		vertex 3.004024e-01 -8.172619e-02 -1.540752e-01
		vertex 2.554767e-01 -4.728542e-02 -8.138382e-02
		vertex 2.931804e-01 -2.398322e-02 -1.423898e-01
	endloop
endfacet
facet normal 5.257311e-01 -8.506508e-01 4.309768e-16
	outer loop
		vertex 2.931804e-01 -2.398322e-02 -1.423898e-01
		vertex 2.554767e-01 -4.728542e-02 -8.138382e-02
		vertex 3.002155e-01 -1.963528e-02 -1.920841e-01
	endloop
endfacet
facet normal 8.506508e-01 -1.806711e-15 5.257311e-01
	outer loop
		vertex 2.554767e-01 -4.728542e-02 -8.138382e-02
		vertex 2.412760e-01 -5.606190e-02 -5.840670e-02
		vertex 3.004024e-01 -8.172619e-02 -1.540752e-01
	endloop
endfacet
facet normal 5.257311e-01 -8.506508e-01 -1.101894e-15
	outer loop
		vertex 2.554767e-01 -4.728542e-02 -8.138382e-02
		vertex 2.412760e-01 -5.606190e-02 -5.840670e-02
		vertex 3.002155e-01 -1.963528e-02 -1.920841e-01
	endloop
endfacet
facet normal 8.506508e-01 -3.330883e-15 5.257311e-01
	outer loop
		vertex 3.311191e-01 -5.358222e-04 -2.037758e-01
		vertex 2.970342e-01 -2.160143e-02 -1.486254e-01
		vertex 3.204590e-01 -2.871256e-02 -1.865275e-01
	endloop
endfacet
facet normal 5.257311e-01 -8.506508e-01 -4.237642e-16
	outer loop
		vertex 3.311191e-01 -5.358222e-04 -2.037758e-01
		vertex 2.970342e-01 -2.160143e-02 -1.486254e-01
		vertex 3.002155e-01 -1.963528e-02 -1.920841e-01
	endloop
endfacet
facet normal 8.506508e-01 1.198944e-15 5.257311e-01
	outer loop
		vertex 2.970342e-01 -2.160143e-02 -1.486254e-01
		vertex 2.931804e-01 -2.398322e-02 -1.423898e-01
		vertex 3.204590e-01 -2.871256e-02 -1.865275e-01
	endloop
endfacet
facet normal 5.257311e-01 -8.506508e-01 6.051384e-16
	outer loop
		vertex 2.970342e-01 -2.160143e-02 -1.486254e-01
		vertex 2.931804e-01 -2.398322e-02 -1.423898e-01
		vertex 3.002155e-01 -1.963528e-02 -1.920841e-01
	endloop
endfacet
facet normal -7.344318e-16 5.220944e-01 8.528877e-01
	outer loop
		vertex 1.755787e-01 -9.666507e-02 -1.449304e-01
		vertex 1.603747e-01 -1.060616e-01 -1.391783e-01
		vertex 2.830717e-01 -1.275348e-01 -1.260335e-01
	endloop
endfacet
facet normal 5.568499e-01 -8.156675e-01 1.568591e-01
	outer loop
		vertex 1.755787e-01 -9.666507e-02 -1.449304e-01
		vertex 1.603747e-01 -1.060616e-01 -1.391783e-01
		vertex 3.002155e-01 -1.963528e-02 -1.920841e-01
	endloop
endfacet
facet normal 5.877162e-16 -5.220944e-01 -8.528877e-01
	outer loop
		vertex 1.603747e-01 -1.060616e-01 -1.391783e-01
		vertex 2.830717e-01 -1.275348e-01 -1.260335e-01
		vertex 2.689662e-01 -1.648185e-01 -1.032103e-01
	endloop
endfacet
facet normal 4.041676e-16 -5.220944e-01 -8.528877e-01
	outer loop
		vertex 2.689662e-01 -1.648185e-01 -1.032103e-01
		vertex 1.494687e-01 -1.128020e-01 -1.350522e-01
		vertex 1.603747e-01 -1.060616e-01 -1.391783e-01
	endloop
endfacet
facet normal 5.714487e-01 -4.706049e-01 6.722926e-01
	outer loop
		vertex 1.603747e-01 -1.060616e-01 -1.391783e-01
		vertex 1.494687e-01 -1.128020e-01 -1.350522e-01
		vertex 3.002155e-01 -1.963528e-02 -1.920841e-01
	endloop
endfacet
facet normal 4.564194e-16 -5.220944e-01 -8.528877e-01
	outer loop
		vertex 1.494687e-01 -1.128020e-01 -1.350522e-01
		vertex 2.689662e-01 -1.648185e-01 -1.032103e-01
		vertex 1.285257e-01 -1.308125e-01 -1.240271e-01
	endloop
endfacet
facet normal 2.028001e-15 5.220944e-01 8.528877e-01
	outer loop
		vertex 1.285257e-01 -1.308125e-01 -1.240271e-01
		vertex 1.494687e-01 -1.128020e-01 -1.350522e-01
		vertex 1.269720e-01 -1.267057e-01 -1.265411e-01
	endloop
endfacet
facet normal -2.474218e-01 7.813321e-01 5.729769e-01
	outer loop
		vertex 1.269720e-01 -1.267057e-01 -1.265411e-01
		vertex 1.494687e-01 -1.128020e-01 -1.350522e-01
		vertex 3.002155e-01 -1.963528e-02 -1.920841e-01
	endloop
endfacet
facet normal -8.999561e-01 2.140585e-01 -3.798130e-01
	outer loop
		vertex 2.051787e-01 -7.837128e-02 2.932700e-17
		vertex 2.051787e-01 -7.837128e-02 6.061248e-17
		vertex 3.002155e-01 -1.963528e-02 -1.920841e-01
	endloop
endfacet
facet normal -8.952766e-01 2.558532e-01 -3.647176e-01
	outer loop
		vertex 2.051787e-01 -7.837128e-02 4.114166e-17
		vertex 2.051787e-01 -7.837128e-02 6.061248e-17
		vertex 3.002155e-01 -1.963528e-02 -1.920841e-01
	endloop
endfacet
facet normal -8.999561e-01 2.140585e-01 -3.798130e-01
	outer loop
		vertex 2.051787e-01 -7.837128e-02 9.856177e-18
		vertex 2.051787e-01 -7.837128e-02 4.114166e-17
		vertex 3.002155e-01 -1.963528e-02 -1.920841e-01
	endloop
endfacet
facet normal -8.952766e-01 2.558532e-01 -3.647176e-01
	outer loop
		vertex 2.051787e-01 -7.837128e-02 4.114166e-17
		vertex 2.051787e-01 -7.837128e-02 6.061248e-17
		vertex 3.002155e-01 -1.963528e-02 -1.920841e-01
	endloop
endfacet
facet normal -8.999804e-01 2.137886e-01 -3.799075e-01
	outer loop
		vertex 2.051787e-01 -7.837128e-02 7.128170e-18
		vertex 2.051787e-01 -7.837128e-02 3.836643e-17
		vertex 3.002155e-01 -1.963528e-02 -1.920841e-01
	endloop
endfacet
facet normal -5.257311e-01 8.506508e-01 0.000000e+00
	outer loop
		vertex 2.051787e-01 -7.837128e-02 1.892499e-17
		vertex 2.051787e-01 -7.837128e-02 3.836643e-17
		vertex 3.002155e-01 -1.963528e-02 -1.920841e-01
	endloop
endfacet
facet normal -8.999804e-01 2.137886e-01 -3.799075e-01
	outer loop
		vertex 2.051787e-01 -7.837128e-02 -1.231327e-17
		vertex 2.051787e-01 -7.837128e-02 1.892499e-17
		vertex 3.002155e-01 -1.963528e-02 -1.920841e-01
	endloop
endfacet
facet normal -5.257311e-01 8.506508e-01 0.000000e+00
	outer loop
		vertex 2.051787e-01 -7.837128e-02 1.892499e-17
		vertex 2.051787e-01 -7.837128e-02 3.836643e-17
		vertex 3.002155e-01 -1.963528e-02 -1.920841e-01
	endloop
endfacet
facet normal -9.010494e-01 2.009185e-01 -3.843719e-01
	outer loop
		vertex 2.051787e-01 -7.837128e-02 2.744746e-17
		vertex 2.051787e-01 -7.837128e-02 5.646419e-17
		vertex 3.002155e-01 -1.963528e-02 -1.920841e-01
	endloop
endfacet
facet normal -5.257311e-01 8.506508e-01 0.000000e+00
	outer loop
		vertex 2.051787e-01 -7.837128e-02 3.840534e-17
		vertex 2.051787e-01 -7.837128e-02 5.646419e-17
		vertex 3.002155e-01 -1.963528e-02 -1.920841e-01
	endloop
endfacet
facet normal -9.010494e-01 2.009185e-01 -3.843719e-01
	outer loop
		vertex 2.051787e-01 -7.837128e-02 9.388613e-18
		vertex 2.051787e-01 -7.837128e-02 3.840534e-17
		vertex 3.002155e-01 -1.963528e-02 -1.920841e-01
	endloop
endfacet
facet normal -5.257311e-01 8.506508e-01 0.000000e+00
	outer loop
		vertex 2.051787e-01 -7.837128e-02 3.840534e-17
		vertex 2.051787e-01 -7.837128e-02 5.646419e-17
		vertex 3.002155e-01 -1.963528e-02 -1.920841e-01
	endloop
endfacet
facet normal -8.999561e-01 2.140585e-01 -3.798130e-01
	outer loop
		vertex 2.051787e-01 -7.837128e-02 2.932700e-17
		vertex 2.051787e-01 -7.837128e-02 6.061248e-17
		vertex 3.002155e-01 -1.963528e-02 -1.920841e-01
	endloop
endfacet
facet normal -8.952766e-01 2.558532e-01 -3.647176e-01
	outer loop
		vertex 2.051787e-01 -7.837128e-02 4.114166e-17
		vertex 2.051787e-01 -7.837128e-02 6.061248e-17
		vertex 3.002155e-01 -1.963528e-02 -1.920841e-01
	endloop
endfacet
facet normal -8.999561e-01 2.140585e-01 -3.798130e-01
	outer loop
		vertex 2.051787e-01 -7.837128e-02 9.856177e-18
		vertex 2.051787e-01 -7.837128e-02 4.114166e-17
		vertex 3.002155e-01 -1.963528e-02 -1.920841e-01
	endloop
endfacet
facet normal -8.952766e-01 2.558532e-01 -3.647176e-01
	outer loop
		vertex 2.051787e-01 -7.837128e-02 4.114166e-17
		vertex 2.051787e-01 -7.837128e-02 6.061248e-17
		vertex 3.002155e-01 -1.963528e-02 -1.920841e-01
	endloop
endfacet
facet normal -9.021878e-01 1.841271e-01 -3.900696e-01
	outer loop
		vertex 2.051787e-01 -7.837128e-02 2.262206e-17
		vertex 2.051787e-01 -7.837128e-02 4.882535e-17
		vertex 3.002155e-01 -1.963528e-02 -1.920841e-01
	endloop
endfacet
facet normal -5.257311e-01 8.506508e-01 0.000000e+00
	outer loop
		vertex 2.051787e-01 -7.837128e-02 3.251748e-17
		vertex 2.051787e-01 -7.837128e-02 4.882535e-17
		vertex 3.002155e-01 -1.963528e-02 -1.920841e-01
	endloop
endfacet
facet normal -9.021878e-01 1.841271e-01 -3.900696e-01
	outer loop
		vertex 2.051787e-01 -7.837128e-02 6.314180e-18
		vertex 2.051787e-01 -7.837128e-02 3.251748e-17
		vertex 3.002155e-01 -1.963528e-02 -1.920841e-01
	endloop
endfacet
facet normal -5.257311e-01 8.506508e-01 0.000000e+00
	outer loop
		vertex 2.051787e-01 -7.837128e-02 3.251748e-17
		vertex 2.051787e-01 -7.837128e-02 4.882535e-17
		vertex 3.002155e-01 -1.963528e-02 -1.920841e-01
	endloop
endfacet
facet normal 9.039273e-01 -1.259700e-01 4.087137e-01
	outer loop
		vertex 2.051787e-01 -7.837128e-02 1.217666e-17
		vertex 2.051787e-01 -7.837128e-02 -4.932480e-18
		vertex 3.002155e-01 -1.963528e-02 -1.920841e-01
	endloop
endfacet
facet normal 5.257311e-01 -8.506508e-01 0.000000e+00
	outer loop
		vertex 2.051787e-01 -7.837128e-02 5.715564e-18
		vertex 2.051787e-01 -7.837128e-02 -4.932480e-18
		vertex 3.002155e-01 -1.963528e-02 -1.920841e-01
	endloop
endfacet
facet normal 9.039273e-01 -1.259700e-01 4.087137e-01
	outer loop
		vertex 2.051787e-01 -7.837128e-02 2.282471e-17
		vertex 2.051787e-01 -7.837128e-02 5.715564e-18
		vertex 3.002155e-01 -1.963528e-02 -1.920841e-01
	endloop
endfacet
facet normal 5.257311e-01 -8.506508e-01 0.000000e+00
	outer loop
		vertex 2.051787e-01 -7.837128e-02 5.715564e-18
		vertex 2.051787e-01 -7.837128e-02 -4.932480e-18
		vertex 3.002155e-01 -1.963528e-02 -1.920841e-01
	endloop
endfacet
facet normal -5.257311e-01 8.506508e-01 0.000000e+00
	outer loop
		vertex 2.051787e-01 -7.837128e-02 2.282471e-17
		vertex 2.051787e-01 -7.837128e-02 2.282471e-17
		vertex 3.002155e-01 -1.963528e-02 -1.920841e-01
	endloop
endfacet
facet normal -8.962955e-01 4.923364e-17 -4.434572e-01
	outer loop
		vertex 2.051787e-01 -7.837128e-02 2.282471e-17
		vertex 2.051787e-01 -7.837128e-02 2.282471e-17
		vertex 3.002155e-01 -1.963528e-02 -1.920841e-01
	endloop
endfacet
facet normal 0.000000e+00 0.000000e+00 0.000000e+00
	outer loop
		vertex 2.051787e-01 -7.837128e-02 2.282471e-17
		vertex 2.051787e-01 -7.837128e-02 2.282471e-17
		vertex 3.002155e-01 -1.963528e-02 -1.920841e-01
	endloop
endfacet
facet normal -8.962955e-01 4.923364e-17 -4.434572e-01
	outer loop
		vertex 2.051787e-01 -7.837128e-02 2.282471e-17
		vertex 2.051787e-01 -7.837128e-02 2.282471e-17
		vertex 3.002155e-01 -1.963528e-02 -1.920841e-01
	endloop
endfacet
facet normal 0.000000e+00 0.000000e+00 0.000000e+00
	outer loop
		vertex 2.051787e-01 -7.837128e-02 8.026101e-18
		vertex 2.051787e-01 -7.837128e-02 8.026101e-18
		vertex 3.002155e-01 -1.963528e-02 -1.920841e-01
	endloop
endfacet
facet normal -8.962955e-01 2.461682e-17 -4.434572e-01
	outer loop
		vertex 2.051787e-01 -7.837128e-02 8.026101e-18
		vertex 2.051787e-01 -7.837128e-02 8.026101e-18
		vertex 3.002155e-01 -1.963528e-02 -1.920841e-01
	endloop
endfacet
facet normal 0.000000e+00 0.000000e+00 0.000000e+00
	outer loop
		vertex 2.051787e-01 -7.837128e-02 8.026101e-18
		vertex 2.051787e-01 -7.837128e-02 8.026101e-18
		vertex 3.002155e-01 -1.963528e-02 -1.920841e-01
	endloop
endfacet
facet normal -8.962955e-01 2.461682e-17 -4.434572e-01
	outer loop
		vertex 2.051787e-01 -7.837128e-02 8.026101e-18
		vertex 2.051787e-01 -7.837128e-02 8.026101e-18
		vertex 3.002155e-01 -1.963528e-02 -1.920841e-01
	endloop
endfacet
facet normal 5.257311e-01 -8.506508e-01 0.000000e+00
	outer loop
		vertex 2.051787e-01 -7.837128e-02 3.055009e-18
		vertex 2.051787e-01 -7.837128e-02 -4.932480e-18
		vertex 3.002155e-01 -1.963528e-02 -1.920841e-01
	endloop
endfacet
facet normal 5.257311e-01 -8.506508e-01 0.000000e+00
	outer loop
		vertex 2.051787e-01 -7.837128e-02 3.861217e-20
		vertex 2.051787e-01 -7.837128e-02 -4.932480e-18
		vertex 3.002155e-01 -1.963528e-02 -1.920841e-01
	endloop
endfacet
facet normal 5.257311e-01 -8.506508e-01 0.000000e+00
	outer loop
		vertex 2.051787e-01 -7.837128e-02 8.026101e-18
		vertex 2.051787e-01 -7.837128e-02 3.861217e-20
		vertex 3.002155e-01 -1.963528e-02 -1.920841e-01
	endloop
endfacet
facet normal 5.257311e-01 -8.506508e-01 0.000000e+00
	outer loop
		vertex 2.051787e-01 -7.837128e-02 3.861217e-20
		vertex 2.051787e-01 -7.837128e-02 -4.932480e-18
		vertex 3.002155e-01 -1.963528e-02 -1.920841e-01
	endloop
endfacet
facet normal 5.257311e-01 -8.506508e-01 0.000000e+00
	outer loop
		vertex 2.051787e-01 -7.837128e-02 3.055009e-18
		vertex 2.051787e-01 -7.837128e-02 -4.932480e-18
		vertex 3.002155e-01 -1.963528e-02 -1.920841e-01
	endloop
endfacet
facet normal 5.257311e-01 -8.506508e-01 0.000000e+00
	outer loop
		vertex 2.051787e-01 -7.837128e-02 3.861217e-20
		vertex 2.051787e-01 -7.837128e-02 -4.932480e-18
		vertex 3.002155e-01 -1.963528e-02 -1.920841e-01
	endloop
endfacet
facet normal 5.257311e-01 -8.506508e-01 0.000000e+00
	outer loop
		vertex 2.051787e-01 -7.837128e-02 8.026101e-18
		vertex 2.051787e-01 -7.837128e-02 3.861217e-20
		vertex 3.002155e-01 -1.963528e-02 -1.920841e-01
	endloop
endfacet
facet normal 5.257311e-01 -8.506508e-01 0.000000e+00
	outer loop
		vertex 2.051787e-01 -7.837128e-02 3.861217e-20
		vertex 2.051787e-01 -7.837128e-02 -4.932480e-18
		vertex 3.002155e-01 -1.963528e-02 -1.920841e-01
	endloop
endfacet
facet normal 0.000000e+00 0.000000e+00 0.000000e+00
	outer loop
		vertex 2.051787e-01 -7.837128e-02 8.026101e-18
		vertex 2.051787e-01 -7.837128e-02 8.026101e-18
		vertex 3.002155e-01 -1.963528e-02 -1.920841e-01
	endloop
endfacet
facet normal -8.962955e-01 2.461682e-17 -4.434572e-01
	outer loop
		vertex 2.051787e-01 -7.837128e-02 8.026101e-18
		vertex 2.051787e-01 -7.837128e-02 8.026101e-18
		vertex 3.002155e-01 -1.963528e-02 -1.920841e-01
	endloop
endfacet
facet normal 0.000000e+00 0.000000e+00 0.000000e+00
	outer loop
		vertex 2.051787e-01 -7.837128e-02 8.026101e-18
		vertex 2.051787e-01 -7.837128e-02 8.026101e-18
		vertex 3.002155e-01 -1.963528e-02 -1.920841e-01
	endloop
endfacet
facet normal -8.962955e-01 2.461682e-17 -4.434572e-01
	outer loop
		vertex 2.051787e-01 -7.837128e-02 8.026101e-18
		vertex 2.051787e-01 -7.837128e-02 8.026101e-18
		vertex 3.002155e-01 -1.963528e-02 -1.920841e-01
	endloop
endfacet
facet normal -9.004845e-01 4.119722e-02 -4.329324e-01
	outer loop
		vertex 2.051787e-01 -7.837128e-02 1.460116e-17
		vertex 2.051787e-01 -7.837128e-02 2.516588e-17
		vertex 3.002155e-01 -1.963528e-02 -1.920841e-01
	endloop
endfacet
facet normal -9.035868e-01 9.875245e-02 -4.168679e-01
	outer loop
		vertex 2.051787e-01 -7.837128e-02 1.859082e-17
		vertex 2.051787e-01 -7.837128e-02 2.516588e-17
		vertex 3.002155e-01 -1.963528e-02 -1.920841e-01
	endloop
endfacet
facet normal -9.029451e-01 8.034775e-02 -4.221782e-01
	outer loop
		vertex 2.051787e-01 -7.837128e-02 8.026101e-18
		vertex 2.051787e-01 -7.837128e-02 1.859082e-17
		vertex 3.002155e-01 -1.963528e-02 -1.920841e-01
	endloop
endfacet
facet normal -9.035868e-01 9.875245e-02 -4.168679e-01
	outer loop
		vertex 2.051787e-01 -7.837128e-02 1.859082e-17
		vertex 2.051787e-01 -7.837128e-02 2.516588e-17
		vertex 3.002155e-01 -1.963528e-02 -1.920841e-01
	endloop
endfacet
facet normal -9.004845e-01 4.119722e-02 -4.329324e-01
	outer loop
		vertex 2.051787e-01 -7.837128e-02 1.460116e-17
		vertex 2.051787e-01 -7.837128e-02 2.516588e-17
		vertex 3.002155e-01 -1.963528e-02 -1.920841e-01
	endloop
endfacet
facet normal -9.035868e-01 9.875245e-02 -4.168679e-01
	outer loop
		vertex 2.051787e-01 -7.837128e-02 1.859082e-17
		vertex 2.051787e-01 -7.837128e-02 2.516588e-17
		vertex 3.002155e-01 -1.963528e-02 -1.920841e-01
	endloop
endfacet
facet normal -9.029451e-01 8.034775e-02 -4.221782e-01
	outer loop
		vertex 2.051787e-01 -7.837128e-02 8.026101e-18
		vertex 2.051787e-01 -7.837128e-02 1.859082e-17
		vertex 3.002155e-01 -1.963528e-02 -1.920841e-01
	endloop
endfacet
facet normal -9.035868e-01 9.875245e-02 -4.168679e-01
	outer loop
		vertex 2.051787e-01 -7.837128e-02 1.859082e-17
		vertex 2.051787e-01 -7.837128e-02 2.516588e-17
		vertex 3.002155e-01 -1.963528e-02 -1.920841e-01
	endloop
endfacet
facet normal -7.638962e-01 6.617446e-17 6.453391e-01
	outer loop
		vertex 2.051787e-01 -1.386207e-01 6.938894e-17
		vertex 2.051787e-01 -7.837128e-02 6.321083e-17
		vertex 2.051787e-01 -7.837128e-02 -2.498438e-18
	endloop
endfacet
facet normal -7.638962e-01 6.617446e-17 6.453391e-01
	outer loop
		vertex 2.051787e-01 -1.386207e-01 6.938894e-17
		vertex 2.051787e-01 -7.837128e-02 6.321083e-17
		vertex 2.051787e-01 -7.837128e-02 -2.498438e-18
	endloop
endfacet
facet normal -7.061781e-01 6.946576e-01 -1.369791e-01
	outer loop
		vertex 2.051787e-01 -7.837128e-02 -2.498438e-18
		vertex 2.051787e-01 -7.837128e-02 6.321083e-17
		vertex 3.002155e-01 -1.963528e-02 -1.920841e-01
	endloop
endfacet
facet normal 5.511393e-01 -8.556253e-17 -8.344133e-01
	outer loop
		vertex 2.051787e-01 -7.837128e-02 4.487796e-17
		vertex 2.051787e-01 -7.837128e-02 6.321083e-17
		vertex 2.051787e-01 -1.386207e-01 6.938894e-17
	endloop
endfacet
facet normal -6.676752e-01 7.370139e-01 -1.049774e-01
	outer loop
		vertex 2.051787e-01 -7.837128e-02 4.487796e-17
		vertex 2.051787e-01 -7.837128e-02 6.321083e-17
		vertex 3.002155e-01 -1.963528e-02 -1.920841e-01
	endloop
endfacet
facet normal -8.465225e-01 -1.733995e-16 5.323530e-01
	outer loop
		vertex 2.051787e-01 -1.386207e-01 6.938894e-17
		vertex 2.051787e-01 -7.837128e-02 4.487796e-17
		vertex 2.051787e-01 -7.837128e-02 -4.339324e-17
	endloop
endfacet
facet normal -8.465225e-01 -1.733995e-16 5.323530e-01
	outer loop
		vertex 2.051787e-01 -1.386207e-01 6.938894e-17
		vertex 2.051787e-01 -7.837128e-02 4.487796e-17
		vertex 2.051787e-01 -7.837128e-02 -4.339324e-17
	endloop
endfacet
facet normal -6.373894e-01 7.662676e-01 -8.104770e-02
	outer loop
		vertex 2.051787e-01 -7.837128e-02 -4.339324e-17
		vertex 2.051787e-01 -7.837128e-02 4.487796e-17
		vertex 3.002155e-01 -1.963528e-02 -1.920841e-01
	endloop
endfacet
facet normal 5.511393e-01 -8.556253e-17 -8.344133e-01
	outer loop
		vertex 2.051787e-01 -7.837128e-02 4.487796e-17
		vertex 2.051787e-01 -7.837128e-02 6.321083e-17
		vertex 2.051787e-01 -1.386207e-01 6.938894e-17
	endloop
endfacet
facet normal -6.676752e-01 7.370139e-01 -1.049774e-01
	outer loop
		vertex 2.051787e-01 -7.837128e-02 4.487796e-17
		vertex 2.051787e-01 -7.837128e-02 6.321083e-17
