solid MIKE666
facet normal 0.000000e+00 0.000000e+00 0.000000e+00
	outer loop
		vertex 2.075017e-01 3.334218e-01 2.135690e-17
		vertex 2.051787e-01 3.334218e-01 2.098468e-17
		vertex 2.051787e-01 3.334218e-01 2.098468e-17
	endloop
endfacet
facet normal 0.000000e+00 1.000000e+00 0.000000e+00
	outer loop
		vertex 2.051787e-01 3.334218e-01 2.098468e-17
		vertex 2.075017e-01 3.334218e-01 2.135690e-17
		vertex 2.075017e-01 3.334218e-01 2.135690e-17
	endloop
endfacet
facet normal 0.000000e+00 0.000000e+00 0.000000e+00
	outer loop
		vertex 2.075017e-01 3.334218e-01 2.135690e-17
		vertex 2.051787e-01 3.334218e-01 2.098468e-17
		vertex 2.051787e-01 3.334218e-01 2.098468e-17
	endloop
endfacet
facet normal 0.000000e+00 1.000000e+00 0.000000e+00
	outer loop
		vertex 2.051787e-01 3.334218e-01 2.098468e-17
		vertex 2.075017e-01 3.334218e-01 2.135690e-17
		vertex 2.075017e-01 3.334218e-01 2.135690e-17
	endloop
endfacet
facet normal 0.000000e+00 0.000000e+00 0.000000e+00
	outer loop
		vertex 2.075017e-01 3.334218e-01 2.135690e-17
		vertex 2.075017e-01 3.334218e-01 2.135690e-17
		vertex 2.075017e-01 3.334218e-01 2.135690e-17
	endloop
endfacet
facet normal 0.000000e+00 0.000000e+00 0.000000e+00
	outer loop
		vertex 2.056189e-01 3.322582e-01 7.123057e-04
		vertex 2.051787e-01 3.334218e-01 2.098468e-17
		vertex 2.051787e-01 3.334218e-01 2.098468e-17
	endloop
endfacet
facet normal -9.353226e-01 -3.537960e-01 0.000000e+00
	outer loop
		vertex 2.051787e-01 3.334218e-01 2.098468e-17
		vertex 2.056189e-01 3.322582e-01 7.123057e-04
		vertex 2.056189e-01 3.322582e-01 7.123057e-04
	endloop
endfacet
facet normal 0.000000e+00 0.000000e+00 0.000000e+00
	outer loop
		vertex 2.056189e-01 3.322582e-01 7.123057e-04
		vertex 2.051787e-01 3.334218e-01 2.098468e-17
		vertex 2.051787e-01 3.334218e-01 2.098468e-17
	endloop
endfacet
facet normal -9.353226e-01 -3.537960e-01 0.000000e+00
	outer loop
		vertex 2.051787e-01 3.334218e-01 2.098468e-17
		vertex 2.056189e-01 3.322582e-01 7.123057e-04
		vertex 2.056189e-01 3.322582e-01 7.123057e-04
	endloop
endfacet
facet normal 5.257311e-01 -8.506508e-01 0.000000e+00
	outer loop
		vertex 2.056189e-01 3.322582e-01 7.123057e-04
		vertex 2.056189e-01 3.322582e-01 7.123057e-04
		vertex 2.075017e-01 3.334218e-01 2.135690e-17
	endloop
endfacet
facet normal -1.002225e-16 5.220944e-01 8.528877e-01
	outer loop
		vertex 2.056189e-01 3.322582e-01 7.123057e-04
		vertex 2.075017e-01 3.334218e-01 2.135690e-17
		vertex 2.051787e-01 3.334218e-01 2.098468e-17
	endloop
endfacet
facet normal 0.000000e+00 0.000000e+00 0.000000e+00
	outer loop
		vertex 2.056189e-01 3.322582e-01 7.123057e-04
		vertex 2.075017e-01 3.334218e-01 2.135690e-17
		vertex 2.075017e-01 3.334218e-01 2.135690e-17
	endloop
endfacet
facet normal 3.213491e-01 -4.029938e-01 -8.569310e-01
	outer loop
		vertex 2.056189e-01 3.322582e-01 7.123057e-04
		vertex 2.056189e-01 3.322582e-01 7.123057e-04
		vertex 2.051787e-01 3.334218e-01 2.098468e-17
	endloop
endfacet
facet normal 2.313946e-01 -7.521323e-01 -6.170523e-01
	outer loop
		vertex 2.056189e-01 3.322582e-01 7.123057e-04
		vertex 2.056189e-01 3.322582e-01 7.123057e-04
		vertex 2.075017e-01 3.334218e-01 2.135690e-17
	endloop
endfacet
facet normal -1.002225e-16 5.220944e-01 8.528877e-01
	outer loop
		vertex 2.056189e-01 3.322582e-01 7.123057e-04
		vertex 2.075017e-01 3.334218e-01 2.135690e-17
		vertex 2.051787e-01 3.334218e-01 2.098468e-17
	endloop
endfacet
facet normal 0.000000e+00 0.000000e+00 0.000000e+00
	outer loop
		vertex 2.056189e-01 3.322582e-01 7.123057e-04
		vertex 2.075017e-01 3.334218e-01 2.135690e-17
		vertex 2.075017e-01 3.334218e-01 2.135690e-17
	endloop
endfacet
facet normal 3.213491e-01 -4.029938e-01 -8.569310e-01
	outer loop
		vertex 2.056189e-01 3.322582e-01 7.123057e-04
		vertex 2.056189e-01 3.322582e-01 7.123057e-04
		vertex 2.051787e-01 3.334218e-01 2.098468e-17
	endloop
endfacet
facet normal 2.313946e-01 -7.521323e-01 -6.170523e-01
	outer loop
		vertex 2.056189e-01 3.322582e-01 7.123057e-04
		vertex 2.056189e-01 3.322582e-01 7.123057e-04
		vertex 2.075017e-01 3.334218e-01 2.135690e-17
	endloop
endfacet
facet normal 0.000000e+00 0.000000e+00 0.000000e+00
	outer loop
		vertex 2.056189e-01 3.322582e-01 7.123057e-04
		vertex 2.051787e-01 3.334218e-01 2.098468e-17
		vertex 2.051787e-01 3.334218e-01 2.098468e-17
	endloop
endfacet
facet normal -9.353226e-01 -3.537960e-01 0.000000e+00
	outer loop
		vertex 2.051787e-01 3.334218e-01 2.098468e-17
		vertex 2.056189e-01 3.322582e-01 7.123057e-04
		vertex 2.056189e-01 3.322582e-01 7.123057e-04
	endloop
endfacet
facet normal 0.000000e+00 0.000000e+00 0.000000e+00
	outer loop
		vertex 2.056189e-01 3.322582e-01 7.123057e-04
		vertex 2.051787e-01 3.334218e-01 2.098468e-17
		vertex 2.051787e-01 3.334218e-01 2.098468e-17
	endloop
endfacet
facet normal -9.353226e-01 -3.537960e-01 0.000000e+00
	outer loop
		vertex 2.051787e-01 3.334218e-01 2.098468e-17
		vertex 2.056189e-01 3.322582e-01 7.123057e-04
		vertex 2.056189e-01 3.322582e-01 7.123057e-04
	endloop
endfacet
facet normal 5.257311e-01 -8.506508e-01 0.000000e+00
	outer loop
		vertex 2.056189e-01 3.322582e-01 7.123057e-04
		vertex 2.056189e-01 3.322582e-01 7.123057e-04
		vertex 2.075017e-01 3.334218e-01 2.135690e-17
	endloop
endfacet
facet normal 5.601994e-16 5.220944e-01 -8.528877e-01
	outer loop
		vertex 2.075017e-01 3.334218e-01 1.525807e-18
		vertex 2.056189e-01 3.322582e-01 -7.123057e-04
		vertex 2.051787e-01 3.334218e-01 0.000000e+00
	endloop
endfacet
facet normal 5.777826e-01 -7.710951e-01 -2.675436e-01
	outer loop
		vertex 2.075017e-01 3.334218e-01 1.525807e-18
		vertex 2.056189e-01 3.322582e-01 -7.123057e-04
		vertex 2.075017e-01 3.334218e-01 2.135690e-17
	endloop
endfacet
facet normal 7.542848e-01 5.258746e-01 -3.930780e-01
	outer loop
		vertex 2.056189e-01 3.322582e-01 -7.123057e-04
		vertex 2.051787e-01 3.334218e-01 2.098468e-17
		vertex 2.051787e-01 3.334218e-01 0.000000e+00
	endloop
endfacet
facet normal 4.796032e-01 5.828361e-01 -6.559595e-01
	outer loop
		vertex 2.051787e-01 3.334218e-01 0.000000e+00
		vertex 2.056189e-01 3.322582e-01 -7.123057e-04
		vertex 2.056189e-01 3.322582e-01 -7.123057e-04
	endloop
endfacet
facet normal 7.555121e-01 5.256885e-01 -3.909643e-01
	outer loop
		vertex 2.056189e-01 3.322582e-01 -7.123057e-04
		vertex 2.051787e-01 3.334218e-01 2.098468e-17
		vertex 2.051787e-01 3.334218e-01 0.000000e+00
	endloop
endfacet
facet normal 4.796032e-01 5.828361e-01 -6.559595e-01
	outer loop
		vertex 2.051787e-01 3.334218e-01 0.000000e+00
		vertex 2.056189e-01 3.322582e-01 -7.123057e-04
		vertex 2.056189e-01 3.322582e-01 -7.123057e-04
	endloop
endfacet
facet normal -5.358611e-01 4.179779e-01 7.335853e-01
	outer loop
		vertex 2.056189e-01 3.322582e-01 -7.123057e-04
		vertex 2.056189e-01 3.322582e-01 -7.123057e-04
		vertex 2.075017e-01 3.334218e-01 2.135690e-17
	endloop
endfacet
facet normal 1.366590e-16 5.220944e-01 -8.528877e-01
	outer loop
		vertex 2.075017e-01 3.334218e-01 2.135690e-17
		vertex 2.056189e-01 3.322582e-01 -7.123057e-04
		vertex 2.051787e-01 3.334218e-01 2.098468e-17
	endloop
endfacet
facet normal 0.000000e+00 0.000000e+00 0.000000e+00
	outer loop
		vertex 2.075017e-01 3.334218e-01 2.135690e-17
		vertex 2.056189e-01 3.322582e-01 -7.123057e-04
		vertex 2.075017e-01 3.334218e-01 2.135690e-17
	endloop
endfacet
facet normal 7.542848e-01 5.258746e-01 -3.930780e-01
	outer loop
		vertex 2.056189e-01 3.322582e-01 -7.123057e-04
		vertex 2.051787e-01 3.334218e-01 2.098468e-17
		vertex 2.051787e-01 3.334218e-01 0.000000e+00
	endloop
endfacet
facet normal 4.796032e-01 5.828361e-01 -6.559595e-01
	outer loop
		vertex 2.051787e-01 3.334218e-01 0.000000e+00
		vertex 2.056189e-01 3.322582e-01 -7.123057e-04
		vertex 2.056189e-01 3.322582e-01 -7.123057e-04
	endloop
endfacet
facet normal 7.555121e-01 5.256885e-01 -3.909643e-01
	outer loop
		vertex 2.056189e-01 3.322582e-01 -7.123057e-04
		vertex 2.051787e-01 3.334218e-01 2.098468e-17
		vertex 2.051787e-01 3.334218e-01 0.000000e+00
	endloop
endfacet
facet normal 4.796032e-01 5.828361e-01 -6.559595e-01
	outer loop
		vertex 2.051787e-01 3.334218e-01 0.000000e+00
		vertex 2.056189e-01 3.322582e-01 -7.123057e-04
		vertex 2.056189e-01 3.322582e-01 -7.123057e-04
	endloop
endfacet
facet normal -5.358611e-01 4.179779e-01 7.335853e-01
	outer loop
		vertex 2.056189e-01 3.322582e-01 -7.123057e-04
		vertex 2.056189e-01 3.322582e-01 -7.123057e-04
		vertex 2.075017e-01 3.334218e-01 2.135690e-17
	endloop
endfacet
facet normal 9.053306e-01 4.100175e-01 1.107347e-01
	outer loop
		vertex 2.056189e-01 3.322582e-01 7.123057e-04
		vertex 2.051787e-01 3.334218e-01 0.000000e+00
		vertex 2.051787e-01 3.334218e-01 2.098468e-17
	endloop
endfacet
facet normal -9.202344e-01 -3.864315e-01 -6.196301e-02
	outer loop
		vertex 2.051787e-01 3.334218e-01 2.098468e-17
		vertex 2.056189e-01 3.322582e-01 7.123057e-04
		vertex 2.056189e-01 3.322582e-01 7.123057e-04
	endloop
endfacet
facet normal 9.050601e-01 4.105736e-01 1.108849e-01
	outer loop
		vertex 2.056189e-01 3.322582e-01 7.123057e-04
		vertex 2.051787e-01 3.334218e-01 0.000000e+00
		vertex 2.051787e-01 3.334218e-01 2.098468e-17
	endloop
endfacet
facet normal -9.202344e-01 -3.864315e-01 -6.196301e-02
	outer loop
		vertex 2.051787e-01 3.334218e-01 2.098468e-17
		vertex 2.056189e-01 3.322582e-01 7.123057e-04
		vertex 2.056189e-01 3.322582e-01 7.123057e-04
	endloop
endfacet
facet normal 5.599635e-01 -5.030530e-01 6.583149e-01
	outer loop
		vertex 2.056189e-01 3.322582e-01 7.123057e-04
		vertex 2.056189e-01 3.322582e-01 7.123057e-04
		vertex 2.075017e-01 3.334218e-01 2.135690e-17
	endloop
endfacet
facet normal 8.506508e-01 5.100737e-17 5.257311e-01
	outer loop
		vertex 2.051787e-01 3.319861e-01 1.392933e-19
		vertex 2.056189e-01 3.322582e-01 -7.123057e-04
		vertex 2.051787e-01 3.334218e-01 0.000000e+00
	endloop
endfacet
facet normal 5.257311e-01 -8.506508e-01 -8.491239e-15
	outer loop
		vertex 2.051787e-01 3.319861e-01 1.392933e-19
		vertex 2.056189e-01 3.322582e-01 -7.123057e-04
		vertex 2.075017e-01 3.334218e-01 2.135690e-17
	endloop
endfacet
facet normal -8.506508e-01 5.100737e-17 5.257311e-01
	outer loop
		vertex 2.051787e-01 3.319861e-01 1.392933e-19
		vertex 2.056189e-01 3.322582e-01 7.123057e-04
		vertex 2.051787e-01 3.334218e-01 0.000000e+00
	endloop
endfacet
facet normal -5.257311e-01 8.506508e-01 -8.491239e-15
	outer loop
		vertex 2.051787e-01 3.319861e-01 1.392933e-19
		vertex 2.056189e-01 3.322582e-01 7.123057e-04
		vertex 2.075017e-01 3.334218e-01 2.135690e-17
	endloop
endfacet
endsolid MIKE666
