solid MIKE666
facet normal 0.000000e+00 0.000000e+00 0.000000e+00
	outer loop
		vertex -7.458298e-01 -2.557695e-01 -4.112560e-01
		vertex -6.282854e-01 -1.831231e-01 -6.014468e-01
		vertex -6.282854e-01 -1.831231e-01 -6.014468e-01
	endloop
endfacet
facet normal -8.506508e-01 3.249706e-16 -5.257311e-01
	outer loop
		vertex -7.543867e-01 -2.610580e-01 -3.974107e-01
		vertex -8.640267e-01 2.598324e-02 -2.200095e-01
		vertex -8.542965e-01 5.170220e-02 -2.357533e-01
	endloop
endfacet
facet normal 8.506508e-01 1.138355e-15 5.257311e-01
	outer loop
		vertex -8.542965e-01 5.170220e-02 -2.357533e-01
		vertex -7.543867e-01 -2.610580e-01 -3.974107e-01
		vertex -7.458298e-01 -2.557695e-01 -4.112560e-01
	endloop
endfacet
facet normal -7.253185e-01 6.593805e-01 -1.978141e-01
	outer loop
		vertex -7.458298e-01 -2.557695e-01 -4.112560e-01
		vertex -7.543867e-01 -2.610580e-01 -3.974107e-01
		vertex -6.282854e-01 -1.831231e-01 -6.014468e-01
	endloop
endfacet
facet normal 8.506508e-01 0.000000e+00 5.257311e-01
	outer loop
		vertex -7.543867e-01 -2.610580e-01 -3.974107e-01
		vertex -8.640267e-01 2.598324e-02 -2.200095e-01
		vertex -8.701160e-01 9.888011e-03 -2.101568e-01
	endloop
endfacet
facet normal -8.506508e-01 2.866574e-15 -5.257311e-01
	outer loop
		vertex -8.701160e-01 9.888011e-03 -2.101568e-01
		vertex -7.543867e-01 -2.610580e-01 -3.974107e-01
		vertex -7.599606e-01 -2.645028e-01 -3.883919e-01
	endloop
endfacet
facet normal -5.656828e-01 8.239292e-01 -3.381799e-02
	outer loop
		vertex -7.599606e-01 -2.645028e-01 -3.883919e-01
		vertex -7.543867e-01 -2.610580e-01 -3.974107e-01
		vertex -6.282854e-01 -1.831231e-01 -6.014468e-01
	endloop
endfacet
facet normal 9.428090e-01 2.357023e-01 2.357023e-01
	outer loop
		vertex -7.599606e-01 -2.645028e-01 -3.883919e-01
		vertex -8.701160e-01 9.888011e-03 -2.101568e-01
		vertex -8.701160e-01 9.888011e-03 -2.101568e-01
	endloop
endfacet
facet normal -8.320503e-01 0.000000e+00 -5.547002e-01
	outer loop
		vertex -8.701160e-01 9.888011e-03 -2.101568e-01
		vertex -7.599606e-01 -2.645028e-01 -3.883919e-01
		vertex -7.599606e-01 -2.645028e-01 -3.883919e-01
	endloop
endfacet
facet normal 9.428090e-01 2.357023e-01 2.357023e-01
	outer loop
		vertex -7.599606e-01 -2.645028e-01 -3.883919e-01
		vertex -8.701160e-01 9.888011e-03 -2.101568e-01
		vertex -8.701160e-01 9.888011e-03 -2.101568e-01
	endloop
endfacet
facet normal -8.320503e-01 0.000000e+00 -5.547002e-01
	outer loop
		vertex -8.701160e-01 9.888011e-03 -2.101568e-01
		vertex -7.599606e-01 -2.645028e-01 -3.883919e-01
		vertex -7.599606e-01 -2.645028e-01 -3.883919e-01
	endloop
endfacet
facet normal -8.506508e-01 0.000000e+00 -5.257311e-01
	outer loop
		vertex -7.599606e-01 -2.645028e-01 -3.883919e-01
		vertex -7.599606e-01 -2.645028e-01 -3.883919e-01
		vertex -6.282854e-01 -1.831231e-01 -6.014468e-01
	endloop
endfacet
facet normal -8.506508e-01 -3.604581e-15 -5.257311e-01
	outer loop
		vertex -7.599606e-01 -2.645028e-01 -3.883919e-01
		vertex -7.679025e-01 -2.694112e-01 -3.755417e-01
		vertex -8.701160e-01 9.888011e-03 -2.101568e-01
	endloop
endfacet
facet normal 1.736883e-02 9.292323e-01 3.690876e-01
	outer loop
		vertex -7.599606e-01 -2.645028e-01 -3.883919e-01
		vertex -7.679025e-01 -2.694112e-01 -3.755417e-01
		vertex -6.282854e-01 -1.831231e-01 -6.014468e-01
	endloop
endfacet
facet normal 8.506508e-01 3.549453e-15 5.257311e-01
	outer loop
		vertex -7.679025e-01 -2.694112e-01 -3.755417e-01
		vertex -8.701160e-01 9.888011e-03 -2.101568e-01
		vertex -8.738569e-01 1.110223e-16 -2.041038e-01
	endloop
endfacet
facet normal 8.506508e-01 3.336335e-15 5.257311e-01
	outer loop
		vertex -8.738569e-01 1.110223e-16 -2.041038e-01
		vertex -7.711674e-01 -2.714290e-01 -3.702589e-01
		vertex -7.679025e-01 -2.694112e-01 -3.755417e-01
	endloop
endfacet
facet normal -3.300465e-01 9.318961e-01 1.504624e-01
	outer loop
		vertex -7.679025e-01 -2.694112e-01 -3.755417e-01
		vertex -7.711674e-01 -2.714290e-01 -3.702589e-01
		vertex -6.282854e-01 -1.831231e-01 -6.014468e-01
	endloop
endfacet
facet normal -1.216769e-16 5.220944e-01 -8.528877e-01
	outer loop
		vertex -5.533176e-01 -1.367904e-01 -2.878400e-01
		vertex -7.711674e-01 -2.714290e-01 -3.702589e-01
		vertex -8.738569e-01 1.110223e-16 -2.041038e-01
	endloop
endfacet
facet normal 5.257311e-01 -8.506508e-01 5.936731e-16
	outer loop
		vertex -5.533176e-01 -1.367904e-01 -2.878400e-01
		vertex -7.711674e-01 -2.714290e-01 -3.702589e-01
		vertex -6.282854e-01 -1.831231e-01 -6.014468e-01
	endloop
endfacet
facet normal -2.492989e-17 -5.220944e-01 8.528877e-01
	outer loop
		vertex -3.880500e-01 -3.464942e-02 -2.253144e-01
		vertex -4.456576e-01 0.000000e+00 -2.041038e-01
		vertex -8.738569e-01 1.110223e-16 -2.041038e-01
	endloop
endfacet
facet normal 0.000000e+00 -5.220944e-01 8.528877e-01
	outer loop
		vertex -8.738569e-01 1.110223e-16 -2.041038e-01
		vertex -4.122462e-01 -4.960346e-02 -2.344686e-01
		vertex -3.880500e-01 -3.464942e-02 -2.253144e-01
	endloop
endfacet
facet normal 5.257311e-01 -8.506508e-01 1.710442e-15
	outer loop
		vertex -3.880500e-01 -3.464942e-02 -2.253144e-01
		vertex -4.122462e-01 -4.960346e-02 -2.344686e-01
		vertex -6.282854e-01 -1.831231e-01 -6.014468e-01
	endloop
endfacet
facet normal -6.330717e-17 -5.220944e-01 8.528877e-01
	outer loop
		vertex -5.518158e-01 -1.358623e-01 -2.872718e-01
		vertex -4.122462e-01 -4.960346e-02 -2.344686e-01
		vertex -8.738569e-01 1.110223e-16 -2.041038e-01
	endloop
endfacet
facet normal -5.257311e-01 8.506508e-01 -6.486517e-16
	outer loop
		vertex -5.518158e-01 -1.358623e-01 -2.872718e-01
		vertex -4.122462e-01 -4.960346e-02 -2.344686e-01
		vertex -6.282854e-01 -1.831231e-01 -6.014468e-01
	endloop
endfacet
facet normal -8.710479e-15 5.220944e-01 -8.528877e-01
	outer loop
		vertex -5.518158e-01 -1.358623e-01 -2.872718e-01
		vertex -5.533176e-01 -1.367904e-01 -2.878400e-01
		vertex -8.738569e-01 1.110223e-16 -2.041038e-01
	endloop
endfacet
facet normal 5.257311e-01 -8.506508e-01 -4.844243e-15
	outer loop
		vertex -5.518158e-01 -1.358623e-01 -2.872718e-01
		vertex -5.533176e-01 -1.367904e-01 -2.878400e-01
		vertex -6.282854e-01 -1.831231e-01 -6.014468e-01
	endloop
endfacet
facet normal 0.000000e+00 -5.214500e-01 8.532818e-01
	outer loop
		vertex -3.880500e-01 -3.464942e-02 -2.253144e-01
		vertex -4.456576e-01 0.000000e+00 -2.041038e-01
		vertex -4.456576e-01 0.000000e+00 -2.041038e-01
	endloop
endfacet
facet normal 4.283529e-02 -5.140235e-01 8.567059e-01
	outer loop
		vertex -4.456576e-01 0.000000e+00 -2.041038e-01
		vertex -3.880500e-01 -3.464942e-02 -2.253144e-01
		vertex -3.880500e-01 -3.464942e-02 -2.253144e-01
	endloop
endfacet
facet normal 0.000000e+00 -4.856429e-01 8.741573e-01
	outer loop
		vertex -3.880500e-01 -3.464942e-02 -2.253144e-01
		vertex -4.456576e-01 0.000000e+00 -2.041038e-01
		vertex -4.456576e-01 0.000000e+00 -2.041038e-01
	endloop
endfacet
facet normal 4.283529e-02 -5.140235e-01 8.567059e-01
	outer loop
		vertex -4.456576e-01 0.000000e+00 -2.041038e-01
		vertex -3.880500e-01 -3.464942e-02 -2.253144e-01
		vertex -3.880500e-01 -3.464942e-02 -2.253144e-01
	endloop
endfacet
facet normal 1.183897e-01 -9.471178e-01 2.982478e-01
	outer loop
		vertex -3.880500e-01 -3.464942e-02 -2.253144e-01
		vertex -3.880500e-01 -3.464942e-02 -2.253144e-01
		vertex -6.282854e-01 -1.831231e-01 -6.014468e-01
	endloop
endfacet
facet normal 5.749076e-01 7.318367e-01 3.659184e-01
	outer loop
		vertex -3.880500e-01 -3.464942e-02 -2.253144e-01
		vertex -3.880500e-01 -3.464942e-02 -2.253144e-01
		vertex -4.456576e-01 0.000000e+00 -2.041038e-01
	endloop
endfacet
facet normal -7.815939e-01 5.579326e-01 2.789663e-01
	outer loop
		vertex -3.880500e-01 -3.464942e-02 -2.253144e-01
		vertex -3.880500e-01 -3.464942e-02 -2.253144e-01
		vertex -6.282854e-01 -1.831231e-01 -6.014468e-01
	endloop
endfacet
facet normal 0.000000e+00 -5.214500e-01 8.532818e-01
	outer loop
		vertex -3.880500e-01 -3.464942e-02 -2.253144e-01
		vertex -4.456576e-01 0.000000e+00 -2.041038e-01
		vertex -4.456576e-01 0.000000e+00 -2.041038e-01
	endloop
endfacet
facet normal 0.000000e+00 -5.144958e-01 8.574929e-01
	outer loop
		vertex -4.456576e-01 0.000000e+00 -2.041038e-01
		vertex -3.880500e-01 -3.464942e-02 -2.253144e-01
		vertex -3.880500e-01 -3.464942e-02 -2.253144e-01
	endloop
endfacet
facet normal 0.000000e+00 -5.299989e-01 8.479983e-01
	outer loop
		vertex -3.880500e-01 -3.464942e-02 -2.253144e-01
		vertex -4.456576e-01 0.000000e+00 -2.041038e-01
		vertex -4.456576e-01 0.000000e+00 -2.041038e-01
	endloop
endfacet
facet normal 0.000000e+00 -5.144958e-01 8.574929e-01
	outer loop
		vertex -4.456576e-01 0.000000e+00 -2.041038e-01
		vertex -3.880500e-01 -3.464942e-02 -2.253144e-01
		vertex -3.880500e-01 -3.464942e-02 -2.253144e-01
	endloop
endfacet
facet normal 0.000000e+00 -9.301549e-01 3.671674e-01
	outer loop
		vertex -3.880500e-01 -3.464942e-02 -2.253144e-01
		vertex -3.880500e-01 -3.464942e-02 -2.253144e-01
		vertex -6.282854e-01 -1.831231e-01 -6.014468e-01
	endloop
endfacet
facet normal 5.749076e-01 7.318367e-01 3.659184e-01
	outer loop
		vertex -3.880500e-01 -3.464942e-02 -2.253144e-01
		vertex -3.880500e-01 -3.464942e-02 -2.253144e-01
		vertex -4.456576e-01 0.000000e+00 -2.041038e-01
	endloop
endfacet
facet normal -7.815939e-01 5.579326e-01 2.789663e-01
	outer loop
		vertex -3.880500e-01 -3.464942e-02 -2.253144e-01
		vertex -3.880500e-01 -3.464942e-02 -2.253144e-01
		vertex -6.282854e-01 -1.831231e-01 -6.014468e-01
	endloop
endfacet
facet normal -3.455152e-01 -0.000000e+00 -9.384131e-01
	outer loop
		vertex -3.880500e-01 -3.464942e-02 -2.253144e-01
		vertex -3.880500e-01 -3.464942e-02 -2.253144e-01
		vertex -4.456576e-01 0.000000e+00 -2.041038e-01
	endloop
endfacet
facet normal 8.427688e-01 0.000000e+00 -5.382758e-01
	outer loop
		vertex -3.880500e-01 -3.464942e-02 -2.253144e-01
		vertex -3.880500e-01 -3.464942e-02 -2.253144e-01
		vertex -6.282854e-01 -1.831231e-01 -6.014468e-01
	endloop
endfacet
facet normal 0.000000e+00 -5.214500e-01 8.532818e-01
	outer loop
		vertex -3.880500e-01 -3.464942e-02 -2.253144e-01
		vertex -4.456576e-01 0.000000e+00 -2.041038e-01
		vertex -4.456576e-01 0.000000e+00 -2.041038e-01
	endloop
endfacet
facet normal 4.283529e-02 -5.140235e-01 8.567059e-01
	outer loop
		vertex -4.456576e-01 0.000000e+00 -2.041038e-01
		vertex -3.880500e-01 -3.464942e-02 -2.253144e-01
		vertex -3.880500e-01 -3.464942e-02 -2.253144e-01
	endloop
endfacet
facet normal 0.000000e+00 -4.856429e-01 8.741573e-01
	outer loop
		vertex -3.880500e-01 -3.464942e-02 -2.253144e-01
		vertex -4.456576e-01 0.000000e+00 -2.041038e-01
		vertex -4.456576e-01 0.000000e+00 -2.041038e-01
	endloop
endfacet
facet normal 4.283529e-02 -5.140235e-01 8.567059e-01
	outer loop
		vertex -4.456576e-01 0.000000e+00 -2.041038e-01
		vertex -3.880500e-01 -3.464942e-02 -2.253144e-01
		vertex -3.880500e-01 -3.464942e-02 -2.253144e-01
	endloop
endfacet
facet normal 1.183897e-01 -9.471178e-01 2.982478e-01
	outer loop
		vertex -3.880500e-01 -3.464942e-02 -2.253144e-01
		vertex -3.880500e-01 -3.464942e-02 -2.253144e-01
		vertex -6.282854e-01 -1.831231e-01 -6.014468e-01
	endloop
endfacet
facet normal 5.749076e-01 7.318367e-01 3.659184e-01
	outer loop
		vertex -3.880500e-01 -3.464942e-02 -2.253144e-01
		vertex -3.880500e-01 -3.464942e-02 -2.253144e-01
		vertex -4.456576e-01 0.000000e+00 -2.041038e-01
	endloop
endfacet
facet normal -7.815939e-01 5.579326e-01 2.789663e-01
	outer loop
		vertex -3.880500e-01 -3.464942e-02 -2.253144e-01
		vertex -3.880500e-01 -3.464942e-02 -2.253144e-01
		vertex -6.282854e-01 -1.831231e-01 -6.014468e-01
	endloop
endfacet
facet normal 0.000000e+00 -5.214500e-01 8.532818e-01
	outer loop
		vertex -3.880500e-01 -3.464942e-02 -2.253144e-01
		vertex -4.456576e-01 0.000000e+00 -2.041038e-01
		vertex -4.456576e-01 0.000000e+00 -2.041038e-01
	endloop
endfacet
facet normal 0.000000e+00 -5.144958e-01 8.574929e-01
	outer loop
		vertex -4.456576e-01 0.000000e+00 -2.041038e-01
		vertex -3.880500e-01 -3.464942e-02 -2.253144e-01
		vertex -3.880500e-01 -3.464942e-02 -2.253144e-01
	endloop
endfacet
facet normal 0.000000e+00 -5.299989e-01 8.479983e-01
	outer loop
		vertex -3.880500e-01 -3.464942e-02 -2.253144e-01
		vertex -4.456576e-01 0.000000e+00 -2.041038e-01
		vertex -4.456576e-01 0.000000e+00 -2.041038e-01
	endloop
endfacet
facet normal 0.000000e+00 -5.144958e-01 8.574929e-01
	outer loop
		vertex -4.456576e-01 0.000000e+00 -2.041038e-01
		vertex -3.880500e-01 -3.464942e-02 -2.253144e-01
		vertex -3.880500e-01 -3.464942e-02 -2.253144e-01
	endloop
endfacet
facet normal 0.000000e+00 -9.301549e-01 3.671674e-01
	outer loop
		vertex -3.880500e-01 -3.464942e-02 -2.253144e-01
		vertex -3.880500e-01 -3.464942e-02 -2.253144e-01
		vertex -6.282854e-01 -1.831231e-01 -6.014468e-01
	endloop
endfacet
facet normal 5.749076e-01 7.318367e-01 3.659184e-01
	outer loop
		vertex -3.880500e-01 -3.464942e-02 -2.253144e-01
		vertex -3.880500e-01 -3.464942e-02 -2.253144e-01
		vertex -4.456576e-01 0.000000e+00 -2.041038e-01
	endloop
endfacet
facet normal -7.815939e-01 5.579326e-01 2.789663e-01
	outer loop
		vertex -3.880500e-01 -3.464942e-02 -2.253144e-01
		vertex -3.880500e-01 -3.464942e-02 -2.253144e-01
		vertex -6.282854e-01 -1.831231e-01 -6.014468e-01
	endloop
endfacet
facet normal -3.455152e-01 -0.000000e+00 -9.384131e-01
	outer loop
		vertex -3.880500e-01 -3.464942e-02 -2.253144e-01
		vertex -3.880500e-01 -3.464942e-02 -2.253144e-01
		vertex -4.456576e-01 0.000000e+00 -2.041038e-01
	endloop
endfacet
facet normal 8.427688e-01 0.000000e+00 -5.382758e-01
	outer loop
		vertex -3.880500e-01 -3.464942e-02 -2.253144e-01
		vertex -3.880500e-01 -3.464942e-02 -2.253144e-01
		vertex -6.282854e-01 -1.831231e-01 -6.014468e-01
	endloop
endfacet
facet normal 9.472318e-17 -5.220944e-01 8.528877e-01
	outer loop
		vertex -3.875690e-01 -3.435216e-02 -2.251325e-01
		vertex -3.319861e-01 -4.451557e-17 -2.041038e-01
		vertex -4.456576e-01 -1.110223e-16 -2.041038e-01
	endloop
endfacet
facet normal -5.257311e-01 8.506508e-01 -1.303020e-15
	outer loop
		vertex -3.875690e-01 -3.435216e-02 -2.251325e-01
		vertex -3.319861e-01 -4.451557e-17 -2.041038e-01
		vertex -6.282854e-01 -1.831231e-01 -6.014468e-01
	endloop
endfacet
facet normal -6.627766e-16 -5.220944e-01 8.528877e-01
	outer loop
		vertex -3.880500e-01 -3.464942e-02 -2.253144e-01
		vertex -3.875690e-01 -3.435216e-02 -2.251325e-01
		vertex -4.456576e-01 -1.110223e-16 -2.041038e-01
	endloop
endfacet
facet normal -5.257311e-01 8.506508e-01 -1.102468e-13
	outer loop
		vertex -3.880500e-01 -3.464942e-02 -2.253144e-01
		vertex -3.875690e-01 -3.435216e-02 -2.251325e-01
		vertex -6.282854e-01 -1.831231e-01 -6.014468e-01
	endloop
endfacet
facet normal 0.000000e+00 0.000000e+00 0.000000e+00
	outer loop
		vertex -6.282854e-01 -1.831231e-01 -6.014468e-01
		vertex -6.269548e-01 -1.823007e-01 -6.035998e-01
		vertex -6.282854e-01 -1.831231e-01 -6.014468e-01
	endloop
endfacet
facet normal 8.593513e-01 -5.709976e-02 5.081878e-01
	outer loop
		vertex -6.180340e-01 -1.767873e-01 -6.180340e-01
		vertex -6.269548e-01 -1.823007e-01 -6.035998e-01
		vertex -6.282854e-01 -1.831231e-01 -6.014468e-01
	endloop
endfacet
facet normal 5.773503e-01 5.773503e-01 5.773503e-01
	outer loop
		vertex -6.122883e-01 -1.732363e-01 -6.273307e-01
		vertex -6.180340e-01 -1.767873e-01 -6.180340e-01
		vertex -6.282854e-01 -1.831231e-01 -6.014468e-01
	endloop
endfacet
facet normal -8.164124e-01 -1.431161e-01 -5.594539e-01
	outer loop
		vertex -6.122883e-01 -1.732363e-01 -6.273307e-01
		vertex -6.025894e-01 -1.672420e-01 -6.430239e-01
		vertex -6.282854e-01 -1.831231e-01 -6.014468e-01
	endloop
endfacet
facet normal 8.307418e-01 9.279091e-02 5.488697e-01
	outer loop
		vertex -6.025894e-01 -1.672420e-01 -6.430239e-01
		vertex -6.025894e-01 -1.672420e-01 -6.430239e-01
		vertex -6.282854e-01 -1.831231e-01 -6.014468e-01
	endloop
endfacet
facet normal -6.505522e-01 -4.770716e-01 -5.909183e-01
	outer loop
		vertex -6.122883e-01 -1.732363e-01 -6.273307e-01
		vertex -6.025894e-01 -1.672420e-01 -6.430239e-01
		vertex -6.282854e-01 -1.831231e-01 -6.014468e-01
	endloop
endfacet
facet normal 8.307418e-01 9.279091e-02 5.488697e-01
	outer loop
		vertex -6.025894e-01 -1.672420e-01 -6.430239e-01
		vertex -6.025894e-01 -1.672420e-01 -6.430239e-01
		vertex -6.282854e-01 -1.831231e-01 -6.014468e-01
	endloop
endfacet
facet normal -8.506508e-01 -0.000000e+00 -5.257311e-01
	outer loop
		vertex -6.025894e-01 -1.672420e-01 -6.430239e-01
		vertex -6.025894e-01 -1.672420e-01 -6.430239e-01
		vertex -6.282854e-01 -1.831231e-01 -6.014468e-01
	endloop
endfacet
facet normal -5.257311e-01 8.506508e-01 -4.946726e-14
	outer loop
		vertex -5.861042e-01 -1.570536e-01 -6.163503e-01
		vertex -5.875307e-01 -1.579353e-01 -6.186585e-01
		vertex -6.282854e-01 -1.831231e-01 -6.014468e-01
	endloop
endfacet
facet normal -5.257406e-01 8.506449e-01 -3.108441e-05
	outer loop
		vertex -5.875307e-01 -1.579353e-01 -6.186585e-01
		vertex -5.875307e-01 -1.579353e-01 -6.186585e-01
		vertex -6.282854e-01 -1.831231e-01 -6.014468e-01
	endloop
endfacet
facet normal -5.257311e-01 8.506508e-01 -4.519112e-14
	outer loop
		vertex -5.861042e-01 -1.570536e-01 -6.163503e-01
		vertex -5.875307e-01 -1.579353e-01 -6.186585e-01
		vertex -6.282854e-01 -1.831231e-01 -6.014468e-01
	endloop
endfacet
facet normal -5.257406e-01 8.506449e-01 -3.108441e-05
	outer loop
		vertex -5.875307e-01 -1.579353e-01 -6.186585e-01
		vertex -5.875307e-01 -1.579353e-01 -6.186585e-01
		vertex -6.282854e-01 -1.831231e-01 -6.014468e-01
	endloop
endfacet
facet normal 5.257311e-01 -8.506508e-01 -6.157480e-16
	outer loop
		vertex -6.025894e-01 -1.672420e-01 -6.430239e-01
		vertex -5.931328e-01 -1.613976e-01 -6.277229e-01
		vertex -6.282854e-01 -1.831231e-01 -6.014468e-01
	endloop
endfacet
facet normal 5.257290e-01 -8.506521e-01 -3.966866e-06
	outer loop
		vertex -5.931328e-01 -1.613976e-01 -6.277229e-01
		vertex -5.931328e-01 -1.613976e-01 -6.277229e-01
		vertex -6.282854e-01 -1.831231e-01 -6.014468e-01
	endloop
endfacet
facet normal 5.257311e-01 -8.506508e-01 -2.756205e-15
	outer loop
		vertex -6.025894e-01 -1.672420e-01 -6.430239e-01
		vertex -5.931328e-01 -1.613976e-01 -6.277229e-01
		vertex -6.282854e-01 -1.831231e-01 -6.014468e-01
	endloop
endfacet
facet normal 5.257290e-01 -8.506521e-01 -3.966866e-06
	outer loop
		vertex -5.931328e-01 -1.613976e-01 -6.277229e-01
		vertex -5.931328e-01 -1.613976e-01 -6.277229e-01
		vertex -6.282854e-01 -1.831231e-01 -6.014468e-01
	endloop
endfacet
facet normal 5.257311e-01 -8.506508e-01 -6.487502e-13
	outer loop
		vertex -5.931328e-01 -1.613976e-01 -6.277229e-01
		vertex -5.930441e-01 -1.613427e-01 -6.275793e-01
		vertex -6.282854e-01 -1.831231e-01 -6.014468e-01
	endloop
endfacet
facet normal 5.258837e-01 -8.505564e-01 2.843522e-04
	outer loop
		vertex -5.930441e-01 -1.613427e-01 -6.275793e-01
		vertex -5.930441e-01 -1.613427e-01 -6.275793e-01
		vertex -6.282854e-01 -1.831231e-01 -6.014468e-01
	endloop
endfacet
facet normal 5.257311e-01 -8.506508e-01 -4.774329e-13
	outer loop
		vertex -5.931328e-01 -1.613976e-01 -6.277229e-01
		vertex -5.930441e-01 -1.613427e-01 -6.275793e-01
		vertex -6.282854e-01 -1.831231e-01 -6.014468e-01
	endloop
endfacet
facet normal 5.258837e-01 -8.505564e-01 2.843522e-04
	outer loop
		vertex -5.930441e-01 -1.613427e-01 -6.275793e-01
		vertex -5.930441e-01 -1.613427e-01 -6.275793e-01
		vertex -6.282854e-01 -1.831231e-01 -6.014468e-01
	endloop
endfacet
facet normal -5.257311e-01 8.506508e-01 1.660968e-15
	outer loop
		vertex -5.875307e-01 -1.579353e-01 -6.186585e-01
		vertex -5.930397e-01 -1.613400e-01 -6.275722e-01
		vertex -6.282854e-01 -1.831231e-01 -6.014468e-01
	endloop
endfacet
facet normal -5.257332e-01 8.506495e-01 -3.860421e-06
	outer loop
		vertex -5.930397e-01 -1.613400e-01 -6.275722e-01
		vertex -5.930397e-01 -1.613400e-01 -6.275722e-01
		vertex -6.282854e-01 -1.831231e-01 -6.014468e-01
	endloop
endfacet
facet normal -5.257311e-01 8.506508e-01 2.013295e-15
	outer loop
		vertex -5.875307e-01 -1.579353e-01 -6.186585e-01
		vertex -5.930397e-01 -1.613400e-01 -6.275722e-01
		vertex -6.282854e-01 -1.831231e-01 -6.014468e-01
	endloop
endfacet
facet normal -5.257332e-01 8.506495e-01 -3.860421e-06
	outer loop
		vertex -5.930397e-01 -1.613400e-01 -6.275722e-01
		vertex -5.930397e-01 -1.613400e-01 -6.275722e-01
		vertex -6.282854e-01 -1.831231e-01 -6.014468e-01
	endloop
endfacet
facet normal -5.257311e-01 8.506508e-01 -1.752390e-12
	outer loop
		vertex -5.930397e-01 -1.613400e-01 -6.275722e-01
		vertex -5.930441e-01 -1.613427e-01 -6.275793e-01
		vertex -6.282854e-01 -1.831231e-01 -6.014468e-01
	endloop
endfacet
facet normal -5.276636e-01 8.494458e-01 -3.610331e-03
	outer loop
		vertex -5.930441e-01 -1.613427e-01 -6.275793e-01
		vertex -5.930441e-01 -1.613427e-01 -6.275793e-01
		vertex -6.282854e-01 -1.831231e-01 -6.014468e-01
	endloop
endfacet
facet normal -5.257311e-01 8.506508e-01 1.720221e-12
	outer loop
		vertex -5.930397e-01 -1.613400e-01 -6.275722e-01
		vertex -5.930441e-01 -1.613427e-01 -6.275793e-01
		vertex -6.282854e-01 -1.831231e-01 -6.014468e-01
	endloop
endfacet
facet normal -5.276636e-01 8.494458e-01 -3.610331e-03
	outer loop
		vertex -5.930441e-01 -1.613427e-01 -6.275793e-01
		vertex -5.930441e-01 -1.613427e-01 -6.275793e-01
		vertex -6.282854e-01 -1.831231e-01 -6.014468e-01
	endloop
endfacet
facet normal -5.257311e-01 8.506508e-01 4.220315e-15
	outer loop
		vertex -5.823920e-01 -1.547594e-01 -6.103440e-01
		vertex -5.861042e-01 -1.570536e-01 -6.163503e-01
		vertex -6.282854e-01 -1.831231e-01 -6.014468e-01
	endloop
endfacet
facet normal -5.257364e-01 8.506476e-01 -2.044644e-05
	outer loop
		vertex -5.861042e-01 -1.570536e-01 -6.163503e-01
		vertex -5.861042e-01 -1.570536e-01 -6.163503e-01
		vertex -6.282854e-01 -1.831231e-01 -6.014468e-01
	endloop
endfacet
facet normal -5.257311e-01 8.506508e-01 5.378101e-15
	outer loop
		vertex -5.823920e-01 -1.547594e-01 -6.103440e-01
		vertex -5.861042e-01 -1.570536e-01 -6.163503e-01
		vertex -6.282854e-01 -1.831231e-01 -6.014468e-01
	endloop
endfacet
facet normal -5.257364e-01 8.506476e-01 -2.044644e-05
	outer loop
		vertex -5.861042e-01 -1.570536e-01 -6.163503e-01
		vertex -5.861042e-01 -1.570536e-01 -6.163503e-01
		vertex -6.282854e-01 -1.831231e-01 -6.014468e-01
	endloop
endfacet
facet normal 5.257311e-01 -8.506508e-01 -4.573837e-14
	outer loop
		vertex -5.758024e-01 -1.506868e-01 -5.996817e-01
		vertex -5.746415e-01 -1.499693e-01 -5.978033e-01
		vertex -6.282854e-01 -1.831231e-01 -6.014468e-01
	endloop
endfacet
facet normal 5.257340e-01 -8.506490e-01 -5.851196e-05
	outer loop
		vertex -5.746415e-01 -1.499693e-01 -5.978033e-01
		vertex -5.746415e-01 -1.499693e-01 -5.978033e-01
		vertex -6.282854e-01 -1.831231e-01 -6.014468e-01
	endloop
endfacet
facet normal 5.257311e-01 -8.506508e-01 -5.571005e-14
	outer loop
		vertex -5.758024e-01 -1.506868e-01 -5.996817e-01
		vertex -5.746415e-01 -1.499693e-01 -5.978033e-01
		vertex -6.282854e-01 -1.831231e-01 -6.014468e-01
	endloop
endfacet
facet normal 5.257340e-01 -8.506490e-01 -5.851196e-05
	outer loop
		vertex -5.746415e-01 -1.499693e-01 -5.978033e-01
		vertex -5.746415e-01 -1.499693e-01 -5.978033e-01
		vertex -6.282854e-01 -1.831231e-01 -6.014468e-01
	endloop
endfacet
facet normal 5.257311e-01 -8.506508e-01 -3.607012e-11
	outer loop
		vertex -5.746415e-01 -1.499693e-01 -5.978033e-01
		vertex -5.746392e-01 -1.499679e-01 -5.977995e-01
		vertex -6.282854e-01 -1.831231e-01 -6.014468e-01
	endloop
endfacet
facet normal 5.232206e-01 -8.511763e-01 4.170386e-02
	outer loop
		vertex -5.746392e-01 -1.499679e-01 -5.977995e-01
		vertex -5.746392e-01 -1.499679e-01 -5.977995e-01
		vertex -6.282854e-01 -1.831231e-01 -6.014468e-01
	endloop
endfacet
facet normal 5.257311e-01 -8.506508e-01 -2.616424e-11
	outer loop
		vertex -5.746415e-01 -1.499693e-01 -5.978033e-01
		vertex -5.746392e-01 -1.499679e-01 -5.977995e-01
		vertex -6.282854e-01 -1.831231e-01 -6.014468e-01
	endloop
endfacet
facet normal 5.232206e-01 -8.511763e-01 4.170386e-02
	outer loop
		vertex -5.746392e-01 -1.499679e-01 -5.977995e-01
		vertex -5.746392e-01 -1.499679e-01 -5.977995e-01
		vertex -6.282854e-01 -1.831231e-01 -6.014468e-01
	endloop
endfacet
facet normal 5.257311e-01 -8.506508e-01 6.312497e-15
	outer loop
		vertex -5.796974e-01 -1.530940e-01 -6.059839e-01
		vertex -5.758100e-01 -1.506915e-01 -5.996939e-01
		vertex -6.282854e-01 -1.831231e-01 -6.014468e-01
	endloop
endfacet
facet normal 5.257315e-01 -8.506505e-01 -1.644637e-05
	outer loop
		vertex -5.758100e-01 -1.506915e-01 -5.996939e-01
		vertex -5.758100e-01 -1.506915e-01 -5.996939e-01
		vertex -6.282854e-01 -1.831231e-01 -6.014468e-01
	endloop
endfacet
facet normal 5.257311e-01 -8.506508e-01 -3.316736e-15
	outer loop
		vertex -5.796974e-01 -1.530940e-01 -6.059839e-01
		vertex -5.758100e-01 -1.506915e-01 -5.996939e-01
		vertex -6.282854e-01 -1.831231e-01 -6.014468e-01
	endloop
endfacet
facet normal 5.257315e-01 -8.506505e-01 -1.644637e-05
	outer loop
		vertex -5.758100e-01 -1.506915e-01 -5.996939e-01
		vertex -5.758100e-01 -1.506915e-01 -5.996939e-01
		vertex -6.282854e-01 -1.831231e-01 -6.014468e-01
	endloop
endfacet
facet normal 5.257311e-01 -8.506508e-01 7.596869e-12
	outer loop
		vertex -5.758100e-01 -1.506915e-01 -5.996939e-01
		vertex -5.758024e-01 -1.506868e-01 -5.996817e-01
		vertex -6.282854e-01 -1.831231e-01 -6.014468e-01
	endloop
endfacet
facet normal 5.256834e-01 -8.506781e-01 1.921848e-03
	outer loop
		vertex -5.758024e-01 -1.506868e-01 -5.996817e-01
		vertex -5.758024e-01 -1.506868e-01 -5.996817e-01
		vertex -6.282854e-01 -1.831231e-01 -6.014468e-01
	endloop
endfacet
facet normal 5.257311e-01 -8.506508e-01 6.663388e-12
	outer loop
		vertex -5.758100e-01 -1.506915e-01 -5.996939e-01
		vertex -5.758024e-01 -1.506868e-01 -5.996817e-01
		vertex -6.282854e-01 -1.831231e-01 -6.014468e-01
	endloop
endfacet
facet normal 5.256834e-01 -8.506781e-01 1.921848e-03
	outer loop
		vertex -5.758024e-01 -1.506868e-01 -5.996817e-01
		vertex -5.758024e-01 -1.506868e-01 -5.996817e-01
		vertex -6.282854e-01 -1.831231e-01 -6.014468e-01
	endloop
endfacet
facet normal -5.257311e-01 8.506508e-01 5.546180e-13
	outer loop
		vertex -5.796974e-01 -1.530940e-01 -6.059839e-01
		vertex -5.798208e-01 -1.531703e-01 -6.061835e-01
		vertex -6.282854e-01 -1.831231e-01 -6.014468e-01
	endloop
endfacet
facet normal -5.257869e-01 8.506160e-01 -7.900817e-04
	outer loop
		vertex -5.798208e-01 -1.531703e-01 -6.061835e-01
		vertex -5.798208e-01 -1.531703e-01 -6.061835e-01
		vertex -6.282854e-01 -1.831231e-01 -6.014468e-01
	endloop
endfacet
facet normal -5.257311e-01 8.506508e-01 2.783447e-13
	outer loop
		vertex -5.796974e-01 -1.530940e-01 -6.059839e-01
		vertex -5.798208e-01 -1.531703e-01 -6.061835e-01
		vertex -6.282854e-01 -1.831231e-01 -6.014468e-01
	endloop
endfacet
facet normal -5.257869e-01 8.506160e-01 -7.900817e-04
	outer loop
		vertex -5.798208e-01 -1.531703e-01 -6.061835e-01
		vertex -5.798208e-01 -1.531703e-01 -6.061835e-01
		vertex -6.282854e-01 -1.831231e-01 -6.014468e-01
	endloop
endfacet
facet normal -5.257311e-01 8.506508e-01 1.394928e-10
	outer loop
		vertex -5.798208e-01 -1.531703e-01 -6.061835e-01
		vertex -5.798209e-01 -1.531704e-01 -6.061838e-01
		vertex -6.282854e-01 -1.831231e-01 -6.014468e-01
	endloop
endfacet
facet normal -5.170379e-01 8.510569e-01 9.150940e-02
	outer loop
		vertex -5.798209e-01 -1.531704e-01 -6.061838e-01
		vertex -5.798209e-01 -1.531704e-01 -6.061838e-01
		vertex -6.282854e-01 -1.831231e-01 -6.014468e-01
	endloop
endfacet
facet normal -5.257311e-01 8.506508e-01 -4.917156e-11
	outer loop
		vertex -5.798208e-01 -1.531703e-01 -6.061835e-01
		vertex -5.798209e-01 -1.531704e-01 -6.061838e-01
		vertex -6.282854e-01 -1.831231e-01 -6.014468e-01
	endloop
endfacet
facet normal -5.170379e-01 8.510569e-01 9.150940e-02
	outer loop
		vertex -5.798209e-01 -1.531704e-01 -6.061838e-01
		vertex -5.798209e-01 -1.531704e-01 -6.061838e-01
		vertex -6.282854e-01 -1.831231e-01 -6.014468e-01
	endloop
endfacet
facet normal -5.257311e-01 8.506508e-01 -3.499431e-16
	outer loop
		vertex -5.800133e-01 -1.532893e-01 -6.064951e-01
		vertex -5.823904e-01 -1.547584e-01 -6.103413e-01
		vertex -6.282854e-01 -1.831231e-01 -6.014468e-01
	endloop
endfacet
facet normal -5.257385e-01 8.506462e-01 -5.265304e-05
	outer loop
		vertex -5.823904e-01 -1.547584e-01 -6.103413e-01
		vertex -5.823904e-01 -1.547584e-01 -6.103413e-01
		vertex -6.282854e-01 -1.831231e-01 -6.014468e-01
	endloop
endfacet
facet normal -5.257311e-01 8.506508e-01 -3.441108e-15
	outer loop
		vertex -5.800133e-01 -1.532893e-01 -6.064951e-01
		vertex -5.823904e-01 -1.547584e-01 -6.103413e-01
		vertex -6.282854e-01 -1.831231e-01 -6.014468e-01
	endloop
endfacet
facet normal -5.257385e-01 8.506462e-01 -5.265304e-05
	outer loop
		vertex -5.823904e-01 -1.547584e-01 -6.103413e-01
		vertex -5.823904e-01 -1.547584e-01 -6.103413e-01
		vertex -6.282854e-01 -1.831231e-01 -6.014468e-01
	endloop
endfacet
facet normal -5.257311e-01 8.506508e-01 1.212515e-11
	outer loop
		vertex -5.823904e-01 -1.547584e-01 -6.103413e-01
		vertex -5.823920e-01 -1.547594e-01 -6.103440e-01
		vertex -6.282854e-01 -1.831231e-01 -6.014468e-01
	endloop
endfacet
facet normal -5.144606e-01 8.545940e-01 7.070658e-02
	outer loop
		vertex -5.823920e-01 -1.547594e-01 -6.103440e-01
		vertex -5.823920e-01 -1.547594e-01 -6.103440e-01
		vertex -6.282854e-01 -1.831231e-01 -6.014468e-01
	endloop
endfacet
facet normal -5.257311e-01 8.506508e-01 -7.280116e-12
	outer loop
		vertex -5.823904e-01 -1.547584e-01 -6.103413e-01
		vertex -5.823920e-01 -1.547594e-01 -6.103440e-01
		vertex -6.282854e-01 -1.831231e-01 -6.014468e-01
	endloop
endfacet
facet normal -5.144606e-01 8.545940e-01 7.070658e-02
	outer loop
		vertex -5.823920e-01 -1.547594e-01 -6.103440e-01
		vertex -5.823920e-01 -1.547594e-01 -6.103440e-01
		vertex -6.282854e-01 -1.831231e-01 -6.014468e-01
	endloop
endfacet
facet normal 5.257311e-01 -8.506508e-01 -6.447541e-15
	outer loop
		vertex -5.800133e-01 -1.532893e-01 -6.064951e-01
		vertex -5.798211e-01 -1.531705e-01 -6.061842e-01
		vertex -6.282854e-01 -1.831231e-01 -6.014468e-01
	endloop
endfacet
facet normal 5.257127e-01 -8.506621e-01 -2.601697e-04
	outer loop
		vertex -5.798211e-01 -1.531705e-01 -6.061842e-01
		vertex -5.798211e-01 -1.531705e-01 -6.061842e-01
		vertex -6.282854e-01 -1.831231e-01 -6.014468e-01
	endloop
endfacet
facet normal 5.257311e-01 -8.506508e-01 6.916453e-14
	outer loop
		vertex -5.800133e-01 -1.532893e-01 -6.064951e-01
		vertex -5.798211e-01 -1.531705e-01 -6.061842e-01
		vertex -6.282854e-01 -1.831231e-01 -6.014468e-01
	endloop
endfacet
facet normal 5.257127e-01 -8.506621e-01 -2.601697e-04
	outer loop
		vertex -5.798211e-01 -1.531705e-01 -6.061842e-01
		vertex -5.798211e-01 -1.531705e-01 -6.061842e-01
		vertex -6.282854e-01 -1.831231e-01 -6.014468e-01
	endloop
endfacet
facet normal 5.257311e-01 -8.506508e-01 -4.990529e-11
	outer loop
		vertex -5.798211e-01 -1.531705e-01 -6.061842e-01
		vertex -5.798209e-01 -1.531704e-01 -6.061838e-01
		vertex -6.282854e-01 -1.831231e-01 -6.014468e-01
	endloop
endfacet
facet normal 5.292800e-01 -8.251939e-01 1.972759e-01
	outer loop
		vertex -5.798209e-01 -1.531704e-01 -6.061838e-01
		vertex -5.798209e-01 -1.531704e-01 -6.061838e-01
		vertex -6.282854e-01 -1.831231e-01 -6.014468e-01
	endloop
endfacet
facet normal 5.257311e-01 -8.506508e-01 -4.990496e-11
	outer loop
		vertex -5.798211e-01 -1.531705e-01 -6.061842e-01
		vertex -5.798209e-01 -1.531704e-01 -6.061838e-01
		vertex -6.282854e-01 -1.831231e-01 -6.014468e-01
	endloop
endfacet
facet normal 5.292800e-01 -8.251939e-01 1.972759e-01
	outer loop
		vertex -5.798209e-01 -1.531704e-01 -6.061838e-01
		vertex -5.798209e-01 -1.531704e-01 -6.061838e-01
		vertex -6.282854e-01 -1.831231e-01 -6.014468e-01
	endloop
endfacet
facet normal -5.257311e-01 8.506508e-01 1.983195e-15
	outer loop
		vertex -4.401395e-01 -6.684250e-02 -3.801746e-01
		vertex -5.743613e-01 -1.497961e-01 -5.973499e-01
		vertex -6.282854e-01 -1.831231e-01 -6.014468e-01
	endloop
endfacet
facet normal -5.257312e-01 8.506508e-01 5.086969e-07
	outer loop
		vertex -5.743613e-01 -1.497961e-01 -5.973499e-01
		vertex -5.743613e-01 -1.497961e-01 -5.973499e-01
		vertex -6.282854e-01 -1.831231e-01 -6.014468e-01
	endloop
endfacet
facet normal -5.257311e-01 8.506508e-01 2.644260e-15
	outer loop
		vertex -4.401395e-01 -6.684250e-02 -3.801746e-01
		vertex -5.743613e-01 -1.497961e-01 -5.973499e-01
		vertex -6.282854e-01 -1.831231e-01 -6.014468e-01
	endloop
endfacet
facet normal -5.257312e-01 8.506508e-01 5.086969e-07
	outer loop
		vertex -5.743613e-01 -1.497961e-01 -5.973499e-01
		vertex -5.743613e-01 -1.497961e-01 -5.973499e-01
		vertex -6.282854e-01 -1.831231e-01 -6.014468e-01
	endloop
endfacet
facet normal -5.257311e-01 8.506508e-01 -9.909661e-14
	outer loop
		vertex -5.743613e-01 -1.497961e-01 -5.973499e-01
		vertex -5.746392e-01 -1.499679e-01 -5.977995e-01
		vertex -6.282854e-01 -1.831231e-01 -6.014468e-01
	endloop
endfacet
facet normal -5.257300e-01 8.506515e-01 -2.291824e-05
	outer loop
		vertex -5.746392e-01 -1.499679e-01 -5.977995e-01
		vertex -5.746392e-01 -1.499679e-01 -5.977995e-01
		vertex -6.282854e-01 -1.831231e-01 -6.014468e-01
	endloop
endfacet
facet normal -5.257311e-01 8.506508e-01 -1.188037e-13
	outer loop
		vertex -5.743613e-01 -1.497961e-01 -5.973499e-01
		vertex -5.746392e-01 -1.499679e-01 -5.977995e-01
		vertex -6.282854e-01 -1.831231e-01 -6.014468e-01
	endloop
endfacet
facet normal -5.257300e-01 8.506515e-01 -2.291824e-05
	outer loop
		vertex -5.746392e-01 -1.499679e-01 -5.977995e-01
		vertex -5.746392e-01 -1.499679e-01 -5.977995e-01
		vertex -6.282854e-01 -1.831231e-01 -6.014468e-01
	endloop
endfacet
facet normal -5.257311e-01 8.506508e-01 1.458868e-15
	outer loop
		vertex -3.662654e-01 -2.118576e-02 -2.606437e-01
		vertex -4.392501e-01 -6.629282e-02 -3.787355e-01
		vertex -6.282854e-01 -1.831231e-01 -6.014468e-01
	endloop
endfacet
facet normal -5.257281e-01 8.506527e-01 -3.554287e-06
	outer loop
		vertex -4.392501e-01 -6.629282e-02 -3.787355e-01
		vertex -4.392501e-01 -6.629282e-02 -3.787355e-01
		vertex -6.282854e-01 -1.831231e-01 -6.014468e-01
	endloop
endfacet
facet normal -5.257311e-01 8.506508e-01 2.188302e-15
	outer loop
		vertex -3.662654e-01 -2.118576e-02 -2.606437e-01
		vertex -4.392501e-01 -6.629282e-02 -3.787355e-01
		vertex -6.282854e-01 -1.831231e-01 -6.014468e-01
	endloop
endfacet
facet normal -5.257281e-01 8.506527e-01 -3.554287e-06
	outer loop
		vertex -4.392501e-01 -6.629282e-02 -3.787355e-01
		vertex -4.392501e-01 -6.629282e-02 -3.787355e-01
		vertex -6.282854e-01 -1.831231e-01 -6.014468e-01
	endloop
endfacet
facet normal 5.257311e-01 -8.506508e-01 -1.117662e-13
	outer loop
		vertex -4.401395e-01 -6.684250e-02 -3.801746e-01
		vertex -4.392501e-01 -6.629282e-02 -3.787355e-01
		vertex -6.282854e-01 -1.831231e-01 -6.014468e-01
	endloop
endfacet
facet normal 5.253636e-01 -8.508777e-01 4.309657e-04
	outer loop
		vertex -4.392501e-01 -6.629282e-02 -3.787355e-01
		vertex -4.392501e-01 -6.629282e-02 -3.787355e-01
		vertex -6.282854e-01 -1.831231e-01 -6.014468e-01
	endloop
endfacet
facet normal 5.257311e-01 -8.506508e-01 5.003759e-14
	outer loop
		vertex -4.401395e-01 -6.684250e-02 -3.801746e-01
		vertex -4.392501e-01 -6.629282e-02 -3.787355e-01
		vertex -6.282854e-01 -1.831231e-01 -6.014468e-01
	endloop
endfacet
facet normal 5.253636e-01 -8.508777e-01 4.309657e-04
	outer loop
		vertex -4.392501e-01 -6.629282e-02 -3.787355e-01
		vertex -4.392501e-01 -6.629282e-02 -3.787355e-01
		vertex -6.282854e-01 -1.831231e-01 -6.014468e-01
	endloop
endfacet
facet normal -2.733038e-01 9.332070e-01 -2.333018e-01
	outer loop
		vertex -3.662654e-01 -2.118576e-02 -2.606437e-01
		vertex -3.662654e-01 -2.118576e-02 -2.606437e-01
		vertex -6.282854e-01 -1.831231e-01 -6.014468e-01
	endloop
endfacet
facet normal 0.000000e+00 0.000000e+00 0.000000e+00
	outer loop
		vertex -3.662654e-01 -2.118576e-02 -2.606437e-01
		vertex -3.662654e-01 -2.118576e-02 -2.606437e-01
		vertex -6.282854e-01 -1.831231e-01 -6.014468e-01
	endloop
endfacet
facet normal -2.733038e-01 9.332070e-01 -2.333018e-01
	outer loop
		vertex -3.662654e-01 -2.118576e-02 -2.606437e-01
		vertex -3.662654e-01 -2.118576e-02 -2.606437e-01
		vertex -6.282854e-01 -1.831231e-01 -6.014468e-01
	endloop
endfacet
facet normal 0.000000e+00 0.000000e+00 0.000000e+00
	outer loop
		vertex -3.662654e-01 -2.118576e-02 -2.606437e-01
		vertex -3.662654e-01 -2.118576e-02 -2.606437e-01
		vertex -6.282854e-01 -1.831231e-01 -6.014468e-01
	endloop
endfacet
facet normal 0.000000e+00 0.000000e+00 0.000000e+00
	outer loop
		vertex -3.662654e-01 -2.118576e-02 -2.606437e-01
		vertex -3.662654e-01 -2.118576e-02 -2.606437e-01
		vertex -6.282854e-01 -1.831231e-01 -6.014468e-01
	endloop
endfacet
facet normal 0.000000e+00 0.000000e+00 0.000000e+00
	outer loop
		vertex -3.662654e-01 -2.118576e-02 -2.606437e-01
		vertex -3.662654e-01 -2.118576e-02 -2.606437e-01
		vertex -6.282854e-01 -1.831231e-01 -6.014468e-01
	endloop
endfacet
facet normal 0.000000e+00 0.000000e+00 0.000000e+00
	outer loop
		vertex -3.662654e-01 -2.118576e-02 -2.606437e-01
		vertex -3.662654e-01 -2.118576e-02 -2.606437e-01
		vertex -6.282854e-01 -1.831231e-01 -6.014468e-01
	endloop
endfacet
facet normal 0.000000e+00 0.000000e+00 0.000000e+00
	outer loop
		vertex -3.662654e-01 -2.118576e-02 -2.606437e-01
		vertex -3.662654e-01 -2.118576e-02 -2.606437e-01
		vertex -6.282854e-01 -1.831231e-01 -6.014468e-01
	endloop
endfacet
facet normal -2.733038e-01 9.332070e-01 -2.333018e-01
	outer loop
		vertex -3.662654e-01 -2.118576e-02 -2.606437e-01
		vertex -3.662654e-01 -2.118576e-02 -2.606437e-01
		vertex -6.282854e-01 -1.831231e-01 -6.014468e-01
	endloop
endfacet
facet normal 0.000000e+00 0.000000e+00 0.000000e+00
	outer loop
		vertex -3.662654e-01 -2.118576e-02 -2.606437e-01
		vertex -3.662654e-01 -2.118576e-02 -2.606437e-01
		vertex -6.282854e-01 -1.831231e-01 -6.014468e-01
	endloop
endfacet
facet normal -2.733038e-01 9.332070e-01 -2.333018e-01
	outer loop
		vertex -3.662654e-01 -2.118576e-02 -2.606437e-01
		vertex -3.662654e-01 -2.118576e-02 -2.606437e-01
		vertex -6.282854e-01 -1.831231e-01 -6.014468e-01
	endloop
endfacet
facet normal 0.000000e+00 0.000000e+00 0.000000e+00
	outer loop
		vertex -3.662654e-01 -2.118576e-02 -2.606437e-01
		vertex -3.662654e-01 -2.118576e-02 -2.606437e-01
		vertex -6.282854e-01 -1.831231e-01 -6.014468e-01
	endloop
endfacet
facet normal 0.000000e+00 0.000000e+00 0.000000e+00
	outer loop
		vertex -3.662654e-01 -2.118576e-02 -2.606437e-01
		vertex -3.662654e-01 -2.118576e-02 -2.606437e-01
		vertex -6.282854e-01 -1.831231e-01 -6.014468e-01
	endloop
endfacet
facet normal 0.000000e+00 0.000000e+00 0.000000e+00
	outer loop
		vertex -3.662654e-01 -2.118576e-02 -2.606437e-01
		vertex -3.662654e-01 -2.118576e-02 -2.606437e-01
		vertex -6.282854e-01 -1.831231e-01 -6.014468e-01
	endloop
endfacet
facet normal 0.000000e+00 0.000000e+00 0.000000e+00
	outer loop
		vertex -3.662654e-01 -2.118576e-02 -2.606437e-01
		vertex -3.662654e-01 -2.118576e-02 -2.606437e-01
		vertex -6.282854e-01 -1.831231e-01 -6.014468e-01
	endloop
endfacet
facet normal 0.000000e+00 0.000000e+00 0.000000e+00
	outer loop
		vertex -3.662654e-01 -2.118576e-02 -2.606437e-01
		vertex -3.662654e-01 -2.118576e-02 -2.606437e-01
		vertex -6.282854e-01 -1.831231e-01 -6.014468e-01
	endloop
endfacet
facet normal -5.257507e-01 8.506387e-01 2.074012e-05
	outer loop
		vertex -3.658137e-01 -2.090661e-02 -2.599128e-01
		vertex -3.658137e-01 -2.090661e-02 -2.599128e-01
		vertex -6.282854e-01 -1.831231e-01 -6.014468e-01
	endloop
endfacet
facet normal -5.257507e-01 8.506387e-01 2.074012e-05
	outer loop
		vertex -3.658137e-01 -2.090661e-02 -2.599128e-01
		vertex -3.658137e-01 -2.090661e-02 -2.599128e-01
		vertex -6.282854e-01 -1.831231e-01 -6.014468e-01
	endloop
endfacet
facet normal -5.257311e-01 8.506508e-01 2.259131e-13
	outer loop
		vertex -3.658137e-01 -2.090661e-02 -2.599128e-01
		vertex -3.662654e-01 -2.118576e-02 -2.606437e-01
		vertex -6.282854e-01 -1.831231e-01 -6.014468e-01
	endloop
endfacet
facet normal -5.278044e-01 8.493631e-01 2.205878e-03
	outer loop
